"","player_name","field_goals_made","field_goals_attempted","three_pointers_made","three_pointers_attempted","points","steals","assists","blocks","time_played_total","fgp","f3gp","sum(three_pointers_attempted)","efg","log.efg"
"1","Stephen Curry",13,21,9,13,39,2,7,1,2075,0.460304344832335,1944,5076,0.527232665427253,0.109038567095486
"2","Damian Lillard",13,27,4,9,38,1,4,0,2132,0.460304344832335,1944,5076,0.527232665427253,0.109038567095486
"3","Klay Thompson",8,17,2,6,21,0,3,2,2094,0.460304344832335,1944,5076,0.527232665427253,0.109038567095486
"4","Russell Westbrook",8,28,2,8,24,1,6,0,2082,0.460304344832335,1944,5076,0.527232665427253,0.109038567095486
"5","Stephen Curry",7,16,6,13,23,2,10,0,1822,0.460304344832335,1944,5076,0.527232665427253,0.109038567095486
"6","Klay Thompson",10,22,5,12,29,1,2,1,2219,0.460304344832335,1944,5076,0.527232665427253,0.109038567095486
"7","DeMar DeRozan",10,24,0,1,28,2,1,0,2121,0.460304344832335,1944,5076,0.527232665427253,0.109038567095486
"8","LeBron James",13,24,1,3,34,2,2,1,2063,0.460304344832335,1944,5076,0.527232665427253,0.109038567095486
"9","DeMar DeRozan",11,24,1,4,35,1,1,1,2376,0.460304344832335,1944,5076,0.527232665427253,0.109038567095486
"10","Damian Lillard",12,25,6,13,41,1,11,0,2618,0.460304344832335,1944,5076,0.527232665427253,0.109038567095486
"11","Damian Lillard",7,19,5,8,22,1,9,0,2216,0.460304344832335,1944,5076,0.527232665427253,0.109038567095486
"12","Damian Lillard",4,9,3,5,13,1,9,1,1726,0.460304344832335,1944,5076,0.527232665427253,0.109038567095486
"13","Isaiah Thomas",7,16,5,9,23,2,4,0,1937,0.460304344832335,1944,5076,0.527232665427253,0.109038567095486
"14","Paul George",3,13,1,7,13,3,4,0,1924,0.460304344832335,1944,5076,0.527232665427253,0.109038567095486
"15","Isaiah Thomas",9,12,4,7,23,2,6,0,1431,0.460304344832335,1944,5076,0.527232665427253,0.109038567095486
"16","James Harden",4,10,4,7,16,0,3,0,1781,0.460304344832335,1944,5076,0.527232665427253,0.109038567095486
"17","LeBron James",8,11,0,0,24,2,11,1,1840,0.460304344832335,1944,5076,0.527232665427253,0.109038567095486
"18","DeMar DeRozan",11,20,1,2,30,0,0,0,2075,0.460304344832335,1944,5076,0.527232665427253,0.109038567095486
"19","Stephen Curry",20,27,10,15,51,1,8,1,2042,0.460304344832335,1944,5076,0.527232665427253,0.109038567095486
"20","Klay Thompson",4,10,1,5,9,0,1,1,1748,0.460304344832335,1944,5076,0.527232665427253,0.109038567095486
"21","James Harden",12,25,5,11,41,3,9,1,2558,0.460304344832335,1944,5076,0.527232665427253,0.109038567095486
"22","Russell Westbrook",8,15,1,4,23,2,9,0,2244,0.460304344832335,1944,5076,0.527232665427253,0.109038567095486
"23","Kevin Durant",10,22,3,10,33,1,2,1,2247,0.460304344832335,1944,5076,0.527232665427253,0.109038567095486
"24","Paul George",5,9,1,4,15,1,6,0,1348,0.460304344832335,1944,5076,0.527232665427253,0.109038567095486
"25","Isaiah Thomas",11,23,1,8,34,1,8,1,2085,0.460304344832335,1944,5076,0.527232665427253,0.109038567095486
"26","Stephen Curry",7,16,2,9,20,4,8,0,1992,0.460304344832335,1944,5076,0.527232665427253,0.109038567095486
"27","Klay Thompson",15,27,7,14,40,0,0,1,2308,0.460304344832335,1944,5076,0.527232665427253,0.109038567095486
"28","Isaiah Thomas",3,11,2,5,14,3,2,0,1614,0.460304344832335,1944,5076,0.527232665427253,0.109038567095486
"29","Isaiah Thomas",9,21,3,10,21,2,3,0,1876,0.460304344832335,1944,5076,0.527232665427253,0.109038567095486
"30","Russell Westbrook",8,20,2,5,20,1,10,2,1946,0.460304344832335,1944,5076,0.527232665427253,0.109038567095486
"31","Kevin Durant",11,16,1,4,26,0,6,1,2055,0.460304344832335,1944,5076,0.527232665427253,0.109038567095486
"32","Russell Westbrook",9,23,1,7,26,6,8,0,2397,0.460304344832335,1944,5076,0.527232665427253,0.109038567095486
"33","Kevin Durant",11,21,1,6,29,1,7,1,2538,0.460304344832335,1944,5076,0.527232665427253,0.109038567095486
"34","Damian Lillard",7,19,3,7,23,0,6,1,2396,0.460304344832335,1944,5076,0.527232665427253,0.109038567095486
"35","James Harden",11,24,1,9,39,4,7,1,2383,0.460304344832335,1944,5076,0.527232665427253,0.109038567095486
"36","Russell Westbrook",8,17,3,4,23,3,10,0,2308,0.460304344832335,1944,5076,0.527232665427253,0.109038567095486
"37","Kevin Durant",8,14,2,2,25,1,10,0,2209,0.460304344832335,1944,5076,0.527232665427253,0.109038567095486
"38","James Harden",11,20,3,5,35,1,8,1,2471,0.460304344832335,1944,5076,0.527232665427253,0.109038567095486
"39","LeBron James",10,20,0,3,24,2,3,1,2142,0.460304344832335,1944,5076,0.527232665427253,0.109038567095486
"40","Isaiah Thomas",3,15,0,2,12,0,4,0,1638,0.460304344832335,1944,5076,0.527232665427253,0.109038567095486
"41","James Harden",14,31,6,14,40,4,13,0,2482,0.460304344832335,1944,5076,0.527232665427253,0.109038567095486
"42","DeMar DeRozan",14,26,0,2,34,0,5,0,2292,0.460304344832335,1944,5076,0.527232665427253,0.109038567095486
"43","LeBron James",12,22,4,9,34,1,4,1,2382,0.460304344832335,1944,5076,0.527232665427253,0.109038567095486
"44","Stephen Curry",11,17,5,9,28,1,2,0,1934,0.460304344832335,1944,5076,0.527232665427253,0.109038567095486
"45","Klay Thompson",8,18,3,10,21,1,3,2,1931,0.460304344832335,1944,5076,0.527232665427253,0.109038567095486
"46","LeBron James",7,14,0,2,15,1,13,0,2098,0.460304344832335,1944,5076,0.527232665427253,0.109038567095486
"47","Paul George",6,18,2,4,17,5,6,1,1976,0.460304344832335,1944,5076,0.527232665427253,0.109038567095486
"48","DeMar DeRozan",4,10,0,1,10,1,6,0,1340,0.460304344832335,1944,5076,0.527232665427253,0.109038567095486
"49","James Harden",8,22,2,10,27,1,11,0,2075,0.460304344832335,1944,5076,0.527232665427253,0.109038567095486
"50","Damian Lillard",8,18,4,9,30,0,6,0,1948,0.460304344832335,1944,5076,0.527232665427253,0.109038567095486
"51","Paul George",10,23,0,7,27,1,6,0,2189,0.460304344832335,1944,5076,0.527232665427253,0.109038567095486
"52","Isaiah Thomas",8,19,0,3,18,0,9,0,1777,0.460304344832335,1944,5076,0.527232665427253,0.109038567095486
"53","LeBron James",7,11,1,2,20,3,7,0,1841,0.460304344832335,1944,5076,0.527232665427253,0.109038567095486
"54","DeMar DeRozan",8,15,0,1,19,1,4,0,2128,0.460304344832335,1944,5076,0.527232665427253,0.109038567095486
"55","James Harden",8,19,2,6,26,8,10,0,2511,0.460304344832335,1944,5076,0.527232665427253,0.109038567095486
"56","Stephen Curry",9,18,8,16,26,1,3,0,1771,0.460304344832335,1944,5076,0.527232665427253,0.109038567095486
"57","Klay Thompson",4,14,2,5,12,0,1,1,1628,0.460304344832335,1944,5076,0.527232665427253,0.109038567095486
"58","Stephen Curry",13,31,5,16,34,1,6,0,2624,0.460304344832335,1944,5076,0.527232665427253,0.109038567095486
"59","Paul George",9,18,4,7,32,1,3,0,1956,0.460304344832335,1944,5076,0.527232665427253,0.109038567095486
"60","James Harden",8,16,3,7,26,3,9,0,2398,0.460304344832335,1944,5076,0.527232665427253,0.109038567095486
"61","DeMar DeRozan",9,17,0,2,19,0,5,0,2220,0.460304344832335,1944,5076,0.527232665427253,0.109038567095486
"62","Isaiah Thomas",6,19,1,4,16,2,6,0,1964,0.460304344832335,1944,5076,0.527232665427253,0.109038567095486
"63","LeBron James",4,10,1,5,14,2,7,1,2123,0.460304344832335,1944,5076,0.527232665427253,0.109038567095486
"64","Paul George",5,12,1,5,19,4,4,0,1952,0.460304344832335,1944,5076,0.527232665427253,0.109038567095486
"65","Russell Westbrook",8,21,2,7,24,1,12,0,2211,0.460304344832335,1944,5076,0.527232665427253,0.109038567095486
"66","Kevin Durant",12,27,3,12,30,0,5,5,2347,0.460304344832335,1944,5076,0.527232665427253,0.109038567095486
"67","Stephen Curry",4,18,1,12,14,2,6,0,2256,0.460304344832335,1944,5076,0.527232665427253,0.109038567095486
"68","Klay Thompson",7,20,1,7,15,1,1,1,2292,0.460304344832335,1944,5076,0.527232665427253,0.109038567095486
"69","Russell Westbrook",4,9,2,4,13,2,12,0,1601,0.460304344832335,1944,5076,0.527232665427253,0.109038567095486
"70","Kevin Durant",8,14,3,6,26,3,8,1,1766,0.460304344832335,1944,5076,0.527232665427253,0.109038567095486
"71","Russell Westbrook",6,15,1,3,15,3,9,0,1635,0.460304344832335,1944,5076,0.527232665427253,0.109038567095486
"72","Kevin Durant",7,11,2,4,20,2,9,1,1807,0.460304344832335,1944,5076,0.527232665427253,0.109038567095486
"73","Russell Westbrook",13,19,5,8,40,3,14,0,2312,0.460304344832335,1944,5076,0.527232665427253,0.109038567095486
"74","Paul George",5,13,4,8,16,1,3,0,1430,0.460304344832335,1944,5076,0.527232665427253,0.109038567095486
"75","DeMar DeRozan",7,18,2,4,20,2,2,1,2253,0.460304344832335,1944,5076,0.527232665427253,0.109038567095486
"76","Damian Lillard",12,25,3,10,30,2,13,1,2195,0.460304344832335,1944,5076,0.527232665427253,0.109038567095486
"77","Stephen Curry",12,21,5,10,30,2,4,0,1911,0.460304344832335,1944,5076,0.527232665427253,0.109038567095486
"78","Klay Thompson",11,23,6,11,30,0,3,1,2241,0.460304344832335,1944,5076,0.527232665427253,0.109038567095486
"79","Stephen Curry",10,26,1,9,26,3,10,0,2262,0.460304344832335,1944,5076,0.527232665427253,0.109038567095486
"80","Russell Westbrook",8,22,2,4,27,3,12,0,2244,0.460304344832335,1944,5076,0.527232665427253,0.109038567095486
"81","Klay Thompson",8,15,1,6,18,0,0,0,2056,0.460304344832335,1944,5076,0.527232665427253,0.109038567095486
"82","Kevin Durant",12,25,3,9,40,1,5,2,2426,0.460304344832335,1944,5076,0.527232665427253,0.109038567095486
"83","James Harden",12,18,2,4,31,1,7,0,2415,0.460304344832335,1944,5076,0.527232665427253,0.109038567095486
"84","DeMar DeRozan",9,24,1,3,34,2,5,2,2216,0.460304344832335,1944,5076,0.527232665427253,0.109038567095486
"85","Klay Thompson",4,15,1,4,10,0,2,0,2037,0.460304344832335,1944,5076,0.527232665427253,0.109038567095486
"86","Damian Lillard",6,19,1,6,23,2,2,0,2449,0.460304344832335,1944,5076,0.527232665427253,0.109038567095486
"87","James Harden",11,29,4,15,45,5,11,1,2844,0.460304344832335,1944,5076,0.527232665427253,0.109038567095486
"88","Paul George",6,12,1,6,21,2,1,2,1605,0.460304344832335,1944,5076,0.527232665427253,0.109038567095486
"89","Isaiah Thomas",10,19,3,6,32,2,8,1,1981,0.460304344832335,1944,5076,0.527232665427253,0.109038567095486
"90","Damian Lillard",9,22,3,7,30,1,7,0,2304,0.460304344832335,1944,5076,0.527232665427253,0.109038567095486
"91","Paul George",5,15,4,7,15,0,5,1,2027,0.460304344832335,1944,5076,0.527232665427253,0.109038567095486
"92","James Harden",7,15,1,7,22,2,5,2,2136,0.460304344832335,1944,5076,0.527232665427253,0.109038567095486
"93","Russell Westbrook",5,7,1,2,13,2,16,0,1496,0.460304344832335,1944,5076,0.527232665427253,0.109038567095486
"94","Kevin Durant",11,14,4,5,32,3,6,0,1850,0.460304344832335,1944,5076,0.527232665427253,0.109038567095486
"95","Stephen Curry",5,17,3,11,13,3,4,0,1919,0.460304344832335,1944,5076,0.527232665427253,0.109038567095486
"96","Klay Thompson",14,18,5,6,34,1,2,0,1925,0.460304344832335,1944,5076,0.527232665427253,0.109038567095486
"97","Isaiah Thomas",3,10,3,6,18,1,7,0,2051,0.460304344832335,1944,5076,0.527232665427253,0.109038567095486
"98","Stephen Curry",9,20,4,8,26,2,5,0,2236,0.460304344832335,1944,5076,0.527232665427253,0.109038567095486
"99","Klay Thompson",8,15,4,7,20,0,2,2,2148,0.460304344832335,1944,5076,0.527232665427253,0.109038567095486
"100","James Harden",8,22,4,10,26,1,4,2,2637,0.460304344832335,1944,5076,0.527232665427253,0.109038567095486
"101","Isaiah Thomas",5,17,1,5,16,1,9,0,1921,0.460304344832335,1944,5076,0.527232665427253,0.109038567095486
"102","Paul George",8,22,4,12,29,2,2,0,2354,0.460304344832335,1944,5076,0.527232665427253,0.109038567095486
"103","LeBron James",11,18,4,7,29,2,3,0,1753,0.460304344832335,1944,5076,0.527232665427253,0.109038567095486
"104","Paul George",6,19,1,7,21,3,7,1,2029,0.460304344832335,1944,5076,0.527232665427253,0.109038567095486
"105","Paul George",10,17,4,9,29,1,1,0,1892,0.460304344832335,1944,5076,0.527232665427253,0.109038567095486
"106","Paul George",11,24,4,7,31,3,4,0,2520,0.460304344832335,1944,5076,0.527232665427253,0.109038567095486
"107","Russell Westbrook",10,22,0,2,27,5,7,0,2087,0.460304344832335,1944,5076,0.527232665427253,0.109038567095486
"108","Kevin Durant",6,18,1,7,26,1,8,1,2318,0.460304344832335,1944,5076,0.527232665427253,0.109038567095486
"109","Damian Lillard",9,18,2,7,34,3,4,0,2204,0.460304344832335,1944,5076,0.527232665427253,0.109038567095486
"110","Damian Lillard",8,22,1,6,18,0,6,0,2206,0.460304344832335,1944,5076,0.527232665427253,0.109038567095486
"111","DeMar DeRozan",7,14,1,4,22,1,8,0,1997,0.460304344832335,1944,5076,0.527232665427253,0.109038567095486
"112","Paul George",10,21,5,10,39,2,1,1,2209,0.460304344832335,1944,5076,0.527232665427253,0.109038567095486
"113","James Harden",13,23,5,9,42,2,7,2,2402,0.460304344832335,1944,5076,0.527232665427253,0.109038567095486
"114","Damian Lillard",5,14,1,7,21,1,8,0,1942,0.460304344832335,1944,5076,0.527232665427253,0.109038567095486
"115","DeMar DeRozan",5,13,1,3,17,1,4,0,2029,0.460304344832335,1944,5076,0.527232665427253,0.109038567095486
"116","DeMar DeRozan",9,18,1,3,26,1,4,2,2177,0.460304344832335,1944,5076,0.527232665427253,0.109038567095486
"117","James Harden",12,21,5,7,34,0,6,0,1900,0.460304344832335,1944,5076,0.527232665427253,0.109038567095486
"118","DeMar DeRozan",11,23,0,1,29,1,2,0,2321,0.460304344832335,1944,5076,0.527232665427253,0.109038567095486
"119","Damian Lillard",5,16,1,6,15,0,13,1,1974,0.460304344832335,1944,5076,0.527232665427253,0.109038567095486
"120","Russell Westbrook",8,19,0,4,16,2,7,1,2076,0.460304344832335,1944,5076,0.527232665427253,0.109038567095486
"121","Kevin Durant",10,21,2,8,24,1,7,2,2300,0.460304344832335,1944,5076,0.527232665427253,0.109038567095486
"122","Stephen Curry",6,17,2,9,19,3,11,1,2090,0.460304344832335,1944,5076,0.527232665427253,0.109038567095486
"123","Klay Thompson",5,14,5,5,17,1,2,0,1802,0.460304344832335,1944,5076,0.527232665427253,0.109038567095486
"124","DeMar DeRozan",12,17,0,0,27,0,4,0,2100,0.460304344832335,1944,5076,0.527232665427253,0.109038567095486
"125","Stephen Curry",10,14,2,5,25,1,7,0,1775,0.460304344832335,1944,5076,0.527232665427253,0.109038567095486
"126","Klay Thompson",15,22,8,13,43,1,2,0,1832,0.460304344832335,1944,5076,0.527232665427253,0.109038567095486
"127","Damian Lillard",3,16,1,6,14,0,4,1,2173,0.460304344832335,1944,5076,0.527232665427253,0.109038567095486
"128","Isaiah Thomas",6,21,4,7,22,1,1,0,2033,0.460304344832335,1944,5076,0.527232665427253,0.109038567095486
"129","Damian Lillard",6,11,2,6,19,0,10,0,1787,0.460304344832335,1944,5076,0.527232665427253,0.109038567095486
"130","Damian Lillard",6,15,1,3,19,1,7,0,2221,0.460304344832335,1944,5076,0.527232665427253,0.109038567095486
"131","Russell Westbrook",12,19,1,3,36,5,12,1,2068,0.460304344832335,1944,5076,0.527232665427253,0.109038567095486
"132","Kevin Durant",9,21,2,8,23,0,2,1,2370,0.460304344832335,1944,5076,0.527232665427253,0.109038567095486
"133","James Harden",13,23,4,10,43,2,13,0,2511,0.460304344832335,1944,5076,0.527232665427253,0.109038567095486
"134","Stephen Curry",17,27,8,14,53,4,9,0,2138,0.460304344832335,1944,5076,0.527232665427253,0.109038567095486
"135","Klay Thompson",6,12,2,5,19,0,1,1,1640,0.460304344832335,1944,5076,0.527232665427253,0.109038567095486
"136","Stephen Curry",4,12,3,9,12,3,10,0,1891,0.460304344832335,1944,5076,0.527232665427253,0.109038567095486
"137","Klay Thompson",9,14,5,8,23,1,1,0,1809,0.460304344832335,1944,5076,0.527232665427253,0.109038567095486
"138","Isaiah Thomas",6,20,1,6,22,1,10,1,2161,0.460304344832335,1944,5076,0.527232665427253,0.109038567095486
"139","Paul George",6,12,3,7,19,3,5,0,2160,0.460304344832335,1944,5076,0.527232665427253,0.109038567095486
"140","Russell Westbrook",8,17,2,5,24,0,13,0,2169,0.460304344832335,1944,5076,0.527232665427253,0.109038567095486
"141","Kevin Durant",8,17,2,9,24,2,6,1,2113,0.460304344832335,1944,5076,0.527232665427253,0.109038567095486
"142","DeMar DeRozan",5,14,0,3,16,0,3,0,2130,0.460304344832335,1944,5076,0.527232665427253,0.109038567095486
"143","Paul George",12,23,2,5,31,1,3,1,2298,0.460304344832335,1944,5076,0.527232665427253,0.109038567095486
"144","Paul George",7,24,1,9,18,2,4,1,2533,0.460304344832335,1944,5076,0.527232665427253,0.109038567095486
"145","DeMar DeRozan",9,26,0,1,28,0,3,1,2641,0.460304344832335,1944,5076,0.527232665427253,0.109038567095486
"146","Damian Lillard",10,24,3,7,25,1,10,0,2475,0.460304344832335,1944,5076,0.527232665427253,0.109038567095486
"147","DeMar DeRozan",6,16,0,0,21,0,3,0,2164,0.460304344832335,1944,5076,0.527232665427253,0.109038567095486
"148","Damian Lillard",8,17,3,8,23,2,8,0,2176,0.460304344832335,1944,5076,0.527232665427253,0.109038567095486
"149","James Harden",6,22,2,11,28,0,4,0,2619,0.460304344832335,1944,5076,0.527232665427253,0.109038567095486
"150","Damian Lillard",9,18,8,14,31,2,9,0,2248,0.460304344832335,1944,5076,0.527232665427253,0.109038567095486
"151","Russell Westbrook",7,19,2,4,25,3,15,0,2293,0.460304344832335,1944,5076,0.527232665427253,0.109038567095486
"152","Kevin Durant",10,23,2,6,28,1,4,0,2377,0.460304344832335,1944,5076,0.527232665427253,0.109038567095486
"153","Russell Westbrook",7,17,0,2,20,2,7,0,1795,0.460304344832335,1944,5076,0.527232665427253,0.109038567095486
"154","Kevin Durant",9,18,2,3,26,1,3,1,1997,0.460304344832335,1944,5076,0.527232665427253,0.109038567095486
"155","Isaiah Thomas",8,16,2,5,21,0,13,0,2311,0.460304344832335,1944,5076,0.527232665427253,0.109038567095486
"156","Paul George",3,15,1,5,11,2,8,0,2392,0.460304344832335,1944,5076,0.527232665427253,0.109038567095486
"157","LeBron James",9,22,0,5,24,2,6,1,2615,0.460304344832335,1944,5076,0.527232665427253,0.109038567095486
"158","James Harden",12,20,6,9,40,4,11,0,2240,0.460304344832335,1944,5076,0.527232665427253,0.109038567095486
"159","Isaiah Thomas",9,13,4,4,22,1,5,0,1803,0.460304344832335,1944,5076,0.527232665427253,0.109038567095486
"160","DeMar DeRozan",8,17,1,2,27,1,4,0,2188,0.460304344832335,1944,5076,0.527232665427253,0.109038567095486
"161","Isaiah Thomas",6,14,5,7,32,1,5,0,2001,0.460304344832335,1944,5076,0.527232665427253,0.109038567095486
"162","DeMar DeRozan",5,14,0,1,17,1,6,0,1996,0.460304344832335,1944,5076,0.527232665427253,0.109038567095486
"163","Paul George",9,20,4,8,34,0,1,2,2070,0.460304344832335,1944,5076,0.527232665427253,0.109038567095486
"164","Paul George",8,18,2,5,22,0,6,1,1968,0.460304344832335,1944,5076,0.527232665427253,0.109038567095486
"165","Paul George",13,24,5,10,34,4,5,0,1918,0.460304344832335,1944,5076,0.527232665427253,0.109038567095486
"166","DeMar DeRozan",4,16,0,2,21,0,3,0,2415,0.460304344832335,1944,5076,0.527232665427253,0.109038567095486
"167","LeBron James",11,21,4,7,30,0,3,0,2388,0.460304344832335,1944,5076,0.527232665427253,0.109038567095486
"168","James Harden",6,14,5,6,31,0,9,1,2143,0.460304344832335,1944,5076,0.527232665427253,0.109038567095486
"169","Stephen Curry",10,16,4,8,30,3,3,1,1704,0.460304344832335,1944,5076,0.527232665427253,0.109038567095486
"170","Klay Thompson",6,11,2,3,14,0,2,2,1587,0.460304344832335,1944,5076,0.527232665427253,0.109038567095486
"171","James Harden",13,25,0,7,33,2,3,1,2047,0.460304344832335,1944,5076,0.527232665427253,0.109038567095486
"172","Paul George",6,14,2,7,22,1,10,0,2055,0.460304344832335,1944,5076,0.527232665427253,0.109038567095486
"173","Russell Westbrook",10,17,1,4,23,2,18,1,2229,0.460304344832335,1944,5076,0.527232665427253,0.109038567095486
"174","Kevin Durant",13,26,2,9,31,0,3,1,2301,0.460304344832335,1944,5076,0.527232665427253,0.109038567095486
"175","Isaiah Thomas",8,17,1,3,20,1,4,0,1466,0.460304344832335,1944,5076,0.527232665427253,0.109038567095486
"176","Russell Westbrook",5,16,1,4,19,2,7,0,2294,0.460304344832335,1944,5076,0.527232665427253,0.109038567095486
"177","Kevin Durant",11,25,0,5,28,1,8,1,2233,0.460304344832335,1944,5076,0.527232665427253,0.109038567095486
"178","LeBron James",12,22,3,6,29,1,11,0,2200,0.460304344832335,1944,5076,0.527232665427253,0.109038567095486
"179","Stephen Curry",12,20,6,9,37,5,3,0,1701,0.460304344832335,1944,5076,0.527232665427253,0.109038567095486
"180","Klay Thompson",4,10,0,3,11,0,1,0,1526,0.460304344832335,1944,5076,0.527232665427253,0.109038567095486
"181","James Harden",11,23,5,10,33,1,8,1,2654,0.460304344832335,1944,5076,0.527232665427253,0.109038567095486
"182","Isaiah Thomas",7,15,3,7,22,1,5,0,1884,0.460304344832335,1944,5076,0.527232665427253,0.109038567095486
"183","Damian Lillard",9,19,5,11,29,0,7,1,2146,0.460304344832335,1944,5076,0.527232665427253,0.109038567095486
"184","DeMar DeRozan",7,14,0,1,16,0,6,0,2103,0.460304344832335,1944,5076,0.527232665427253,0.109038567095486
"185","Paul George",14,19,7,8,40,2,4,0,2195,0.460304344832335,1944,5076,0.527232665427253,0.109038567095486
"186","Stephen Curry",12,22,8,16,34,3,10,1,2079,0.460304344832335,1944,5076,0.527232665427253,0.109038567095486
"187","Klay Thompson",7,16,4,8,18,0,5,0,1813,0.460304344832335,1944,5076,0.527232665427253,0.109038567095486
"188","Isaiah Thomas",5,15,2,5,20,0,5,0,1877,0.460304344832335,1944,5076,0.527232665427253,0.109038567095486
"189","DeMar DeRozan",7,24,0,2,16,1,4,0,2050,0.460304344832335,1944,5076,0.527232665427253,0.109038567095486
"190","Isaiah Thomas",11,19,4,8,35,1,8,0,1920,0.460304344832335,1944,5076,0.527232665427253,0.109038567095486
"191","Stephen Curry",7,25,4,14,21,3,15,0,2555,0.460304344832335,1944,5076,0.527232665427253,0.109038567095486
"192","Klay Thompson",12,22,4,11,28,0,3,1,2422,0.460304344832335,1944,5076,0.527232665427253,0.109038567095486
"193","James Harden",8,26,0,8,29,1,8,1,2475,0.460304344832335,1944,5076,0.527232665427253,0.109038567095486
"194","Damian Lillard",7,20,3,9,21,1,10,0,2173,0.460304344832335,1944,5076,0.527232665427253,0.109038567095486
"195","James Harden",7,18,4,9,33,3,3,1,2133,0.460304344832335,1944,5076,0.527232665427253,0.109038567095486
"196","Stephen Curry",9,15,4,9,25,1,6,0,1644,0.460304344832335,1944,5076,0.527232665427253,0.109038567095486
"197","James Harden",4,18,1,10,16,1,5,1,2220,0.460304344832335,1944,5076,0.527232665427253,0.109038567095486
"198","Klay Thompson",4,10,1,5,11,1,0,0,1443,0.460304344832335,1944,5076,0.527232665427253,0.109038567095486
"199","Paul George",8,21,3,10,27,3,1,0,2071,0.460304344832335,1944,5076,0.527232665427253,0.109038567095486
"200","Paul George",9,23,5,9,31,3,4,1,2438,0.460304344832335,1944,5076,0.527232665427253,0.109038567095486
"201","Russell Westbrook",8,15,2,4,22,3,11,0,1999,0.460304344832335,1944,5076,0.527232665427253,0.109038567095486
"202","Kevin Durant",11,25,2,9,30,1,3,0,2175,0.460304344832335,1944,5076,0.527232665427253,0.109038567095486
"203","Russell Westbrook",5,13,0,5,13,1,14,0,1659,0.460304344832335,1944,5076,0.527232665427253,0.109038567095486
"204","Kevin Durant",11,18,6,11,34,1,3,1,1632,0.460304344832335,1944,5076,0.527232665427253,0.109038567095486
"205","Stephen Curry",15,25,8,13,46,2,4,0,2262,0.460304344832335,1944,5076,0.527232665427253,0.109038567095486
"206","Klay Thompson",6,16,3,9,15,1,2,1,2245,0.460304344832335,1944,5076,0.527232665427253,0.109038567095486
"207","Russell Westbrook",3,7,1,3,15,1,11,1,2330,0.460304344832335,1944,5076,0.527232665427253,0.109038567095486
"208","Kevin Durant",6,14,4,9,32,2,8,1,2416,0.460304344832335,1944,5076,0.527232665427253,0.109038567095486
"209","Isaiah Thomas",8,14,2,3,23,1,9,0,1690,0.460304344832335,1944,5076,0.527232665427253,0.109038567095486
"210","James Harden",8,22,2,7,33,2,7,1,2364,0.460304344832335,1944,5076,0.527232665427253,0.109038567095486
"211","Russell Westbrook",9,21,1,2,26,1,14,1,2227,0.460304344832335,1944,5076,0.527232665427253,0.109038567095486
"212","Kevin Durant",11,18,2,5,33,1,3,1,2394,0.460304344832335,1944,5076,0.527232665427253,0.109038567095486
"213","Paul George",5,15,1,4,12,3,1,0,1871,0.460304344832335,1944,5076,0.527232665427253,0.109038567095486
"214","Stephen Curry",11,19,8,15,39,1,12,0,2209,0.460304344832335,1944,5076,0.527232665427253,0.109038567095486
"215","Klay Thompson",6,16,4,10,18,0,5,0,2092,0.460304344832335,1944,5076,0.527232665427253,0.109038567095486
"216","LeBron James",9,13,1,1,27,0,6,0,2099,0.460304344832335,1944,5076,0.527232665427253,0.109038567095486
"217","Paul George",11,21,7,12,31,0,6,0,2257,0.460304344832335,1944,5076,0.527232665427253,0.109038567095486
"218","Isaiah Thomas",9,15,2,5,32,2,8,0,2144,0.460304344832335,1944,5076,0.527232665427253,0.109038567095486
"219","Isaiah Thomas",4,17,1,3,12,1,4,0,1842,0.460304344832335,1944,5076,0.527232665427253,0.109038567095486
"220","LeBron James",10,26,1,5,25,1,2,2,2313,0.460304344832335,1944,5076,0.527232665427253,0.109038567095486
"221","Stephen Curry",6,15,1,4,19,2,7,0,2195,0.460304344832335,1944,5076,0.527232665427253,0.109038567095486
"222","Klay Thompson",6,16,1,4,18,0,1,1,2159,0.460304344832335,1944,5076,0.527232665427253,0.109038567095486
"223","Stephen Curry",11,23,5,10,31,2,4,0,2536,0.460304344832335,1944,5076,0.527232665427253,0.109038567095486
"224","Klay Thompson",6,15,3,8,18,0,1,0,2330,0.460304344832335,1944,5076,0.527232665427253,0.109038567095486
"225","Isaiah Thomas",4,9,0,2,15,2,2,0,1865,0.460304344832335,1944,5076,0.527232665427253,0.109038567095486
"226","LeBron James",13,27,5,11,37,1,5,3,2703,0.460304344832335,1944,5076,0.527232665427253,0.109038567095486
"227","LeBron James",5,12,0,4,13,1,8,2,1934,0.460304344832335,1944,5076,0.527232665427253,0.109038567095486
"228","Paul George",11,27,5,13,33,3,6,1,2139,0.460304344832335,1944,5076,0.527232665427253,0.109038567095486
"229","Stephen Curry",11,23,3,10,29,3,10,0,2139,0.460304344832335,1944,5076,0.527232665427253,0.109038567095486
"230","Klay Thompson",13,21,10,16,39,0,6,1,2068,0.460304344832335,1944,5076,0.527232665427253,0.109038567095486
"231","Paul George",7,17,3,10,20,7,4,2,2427,0.460304344832335,1944,5076,0.527232665427253,0.109038567095486
"232","James Harden",8,20,2,9,21,1,9,0,2554,0.460304344832335,1944,5076,0.527232665427253,0.109038567095486
"233","Isaiah Thomas",7,13,1,3,24,0,7,0,2095,0.460304344832335,1944,5076,0.527232665427253,0.109038567095486
"234","DeMar DeRozan",7,16,1,1,17,0,2,1,2136,0.460304344832335,1944,5076,0.527232665427253,0.109038567095486
"235","Stephen Curry",8,18,4,11,26,1,9,0,1730,0.460304344832335,1944,5076,0.527232665427253,0.109038567095486
"236","Damian Lillard",12,27,6,15,40,2,10,2,2269,0.460304344832335,1944,5076,0.527232665427253,0.109038567095486
"237","Klay Thompson",13,22,7,10,36,0,5,0,1941,0.460304344832335,1944,5076,0.527232665427253,0.109038567095486
"238","Isaiah Thomas",8,18,4,9,23,2,10,0,2040,0.460304344832335,1944,5076,0.527232665427253,0.109038567095486
"239","Stephen Curry",11,22,6,14,40,3,4,0,2206,0.460304344832335,1944,5076,0.527232665427253,0.109038567095486
"240","Klay Thompson",6,12,3,5,25,0,2,0,2339,0.460304344832335,1944,5076,0.527232665427253,0.109038567095486
"241","Paul George",6,17,3,9,20,2,7,0,1746,0.460304344832335,1944,5076,0.527232665427253,0.109038567095486
"242","Damian Lillard",9,19,3,8,33,0,6,1,2117,0.460304344832335,1944,5076,0.527232665427253,0.109038567095486
"243","Stephen Curry",15,24,10,19,46,2,6,0,1786,0.460304344832335,1944,5076,0.527232665427253,0.109038567095486
"244","Klay Thompson",6,13,4,10,16,0,2,1,1701,0.460304344832335,1944,5076,0.527232665427253,0.109038567095486
"245","Isaiah Thomas",6,13,1,3,17,1,4,0,1248,0.460304344832335,1944,5076,0.527232665427253,0.109038567095486
"246","LeBron James",6,15,0,3,18,1,8,1,2144,0.460304344832335,1944,5076,0.527232665427253,0.109038567095486
"247","James Harden",10,26,4,12,36,0,8,0,2388,0.460304344832335,1944,5076,0.527232665427253,0.109038567095486
"248","Isaiah Thomas",8,18,3,9,20,0,8,0,2013,0.460304344832335,1944,5076,0.527232665427253,0.109038567095486
"249","Russell Westbrook",5,20,2,10,27,3,5,2,1957,0.460304344832335,1944,5076,0.527232665427253,0.109038567095486
"250","Isaiah Thomas",3,9,0,2,8,4,12,0,2086,0.460304344832335,1944,5076,0.527232665427253,0.109038567095486
"251","Paul George",7,20,2,5,23,1,2,1,2205,0.460304344832335,1944,5076,0.527232665427253,0.109038567095486
"252","Paul George",9,16,2,3,25,4,4,1,2095,0.460304344832335,1944,5076,0.527232665427253,0.109038567095486
"253","Isaiah Thomas",5,18,3,11,21,2,8,1,2092,0.460304344832335,1944,5076,0.527232665427253,0.109038567095486
"254","Russell Westbrook",0,3,0,1,0,2,8,0,880,0.460304344832335,1944,5076,0.527232665427253,0.109038567095486
"255","Kevin Durant",9,14,4,8,29,1,4,0,1974,0.460304344832335,1944,5076,0.527232665427253,0.109038567095486
"256","Stephen Curry",12,25,5,15,33,1,4,1,2231,0.460304344832335,1944,5076,0.527232665427253,0.109038567095486
"257","Russell Westbrook",8,24,1,8,22,0,7,1,2163,0.460304344832335,1944,5076,0.527232665427253,0.109038567095486
"258","Klay Thompson",10,19,1,7,21,2,3,0,2069,0.460304344832335,1944,5076,0.527232665427253,0.109038567095486
"259","Kevin Durant",11,17,0,1,32,1,9,2,2351,0.460304344832335,1944,5076,0.527232665427253,0.109038567095486
"260","Isaiah Thomas",8,19,0,4,20,0,7,0,2282,0.460304344832335,1944,5076,0.527232665427253,0.109038567095486
"261","LeBron James",11,20,1,4,28,2,8,1,2160,0.460304344832335,1944,5076,0.527232665427253,0.109038567095486
"262","Isaiah Thomas",9,15,4,6,27,1,4,0,2042,0.460304344832335,1944,5076,0.527232665427253,0.109038567095486
"263","Isaiah Thomas",7,9,1,2,20,0,3,2,1494,0.460304344832335,1944,5076,0.527232665427253,0.109038567095486
"264","DeMar DeRozan",7,14,0,0,24,1,4,0,1685,0.460304344832335,1944,5076,0.527232665427253,0.109038567095486
"265","Damian Lillard",11,22,4,10,31,1,7,0,2275,0.460304344832335,1944,5076,0.527232665427253,0.109038567095486
"266","Stephen Curry",5,14,2,8,16,3,9,0,2053,0.460304344832335,1944,5076,0.527232665427253,0.109038567095486
"267","Klay Thompson",6,16,3,7,20,0,1,0,2066,0.460304344832335,1944,5076,0.527232665427253,0.109038567095486
"268","Stephen Curry",4,7,3,6,19,3,6,0,1788,0.460304344832335,1944,5076,0.527232665427253,0.109038567095486
"269","Klay Thompson",6,10,3,6,15,1,2,0,1560,0.460304344832335,1944,5076,0.527232665427253,0.109038567095486
"270","Damian Lillard",9,22,5,13,33,1,5,1,2560,0.460304344832335,1944,5076,0.527232665427253,0.109038567095486
"271","Paul George",1,14,1,5,7,2,6,0,2082,0.460304344832335,1944,5076,0.527232665427253,0.109038567095486
"272","Damian Lillard",16,28,6,13,50,0,5,0,2377,0.460304344832335,1944,5076,0.527232665427253,0.109038567095486
"273","DeMar DeRozan",7,19,0,0,38,0,2,0,2200,0.460304344832335,1944,5076,0.527232665427253,0.109038567095486
"274","Paul George",7,15,2,5,20,1,1,1,1710,0.460304344832335,1944,5076,0.527232665427253,0.109038567095486
"275","James Harden",5,10,1,3,20,0,2,1,1656,0.460304344832335,1944,5076,0.527232665427253,0.109038567095486
"276","Russell Westbrook",11,18,2,3,30,1,12,0,2286,0.460304344832335,1944,5076,0.527232665427253,0.109038567095486
"277","Kevin Durant",11,21,3,5,26,0,10,1,2336,0.460304344832335,1944,5076,0.527232665427253,0.109038567095486
"278","LeBron James",10,20,2,6,23,1,3,0,2213,0.460304344832335,1944,5076,0.527232665427253,0.109038567095486
"279","Isaiah Thomas",7,18,1,6,20,2,7,0,1937,0.460304344832335,1944,5076,0.527232665427253,0.109038567095486
"280","LeBron James",14,22,0,0,31,2,12,0,2450,0.460304344832335,1944,5076,0.527232665427253,0.109038567095486
"281","Paul George",5,13,1,6,20,2,3,0,2141,0.460304344832335,1944,5076,0.527232665427253,0.109038567095486
"282","Russell Westbrook",5,11,0,1,13,1,11,0,1663,0.460304344832335,1944,5076,0.527232665427253,0.109038567095486
"283","Kevin Durant",7,13,3,4,22,0,2,0,1782,0.460304344832335,1944,5076,0.527232665427253,0.109038567095486
"284","Paul George",6,9,1,3,15,1,2,1,1194,0.460304344832335,1944,5076,0.527232665427253,0.109038567095486
"285","Isaiah Thomas",7,19,2,6,25,1,6,0,1940,0.460304344832335,1944,5076,0.527232665427253,0.109038567095486
"286","James Harden",8,20,2,7,24,0,8,2,2540,0.460304344832335,1944,5076,0.527232665427253,0.109038567095486
"287","DeMar DeRozan",5,12,0,1,15,1,11,0,2094,0.460304344832335,1944,5076,0.527232665427253,0.109038567095486
"288","Damian Lillard",14,19,5,8,36,0,5,0,1769,0.460304344832335,1944,5076,0.527232665427253,0.109038567095486
"289","James Harden",3,8,2,5,15,1,8,3,1512,0.460304344832335,1944,5076,0.527232665427253,0.109038567095486
"290","DeMar DeRozan",8,17,1,3,22,3,2,0,1914,0.460304344832335,1944,5076,0.527232665427253,0.109038567095486
"291","LeBron James",11,19,1,3,31,2,8,0,2271,0.460304344832335,1944,5076,0.527232665427253,0.109038567095486
"292","James Harden",12,26,4,12,37,3,3,2,2308,0.460304344832335,1944,5076,0.527232665427253,0.109038567095486
"293","Russell Westbrook",10,16,3,6,25,2,11,0,1917,0.460304344832335,1944,5076,0.527232665427253,0.109038567095486
"294","Kevin Durant",9,19,4,9,29,0,0,2,2100,0.460304344832335,1944,5076,0.527232665427253,0.109038567095486
"295","Damian Lillard",8,17,3,8,21,2,5,0,1428,0.460304344832335,1944,5076,0.527232665427253,0.109038567095486
"296","Paul George",6,18,2,10,21,1,2,2,2089,0.460304344832335,1944,5076,0.527232665427253,0.109038567095486
"297","Isaiah Thomas",10,20,4,9,26,0,6,0,1793,0.460304344832335,1944,5076,0.527232665427253,0.109038567095486
"298","Paul George",4,16,1,5,15,2,3,0,2090,0.460304344832335,1944,5076,0.527232665427253,0.109038567095486
"299","DeMar DeRozan",13,26,0,2,38,2,7,1,2591,0.460304344832335,1944,5076,0.527232665427253,0.109038567095486
"300","Russell Westbrook",5,14,1,3,14,1,4,0,1717,0.460304344832335,1944,5076,0.527232665427253,0.109038567095486
"301","Kevin Durant",10,22,4,9,34,0,5,3,2271,0.460304344832335,1944,5076,0.527232665427253,0.109038567095486
"302","Paul George",8,13,5,9,31,2,5,0,2016,0.460304344832335,1944,5076,0.527232665427253,0.109038567095486
"303","Stephen Curry",12,23,7,13,31,2,5,0,1578,0.460304344832335,1944,5076,0.527232665427253,0.109038567095486
"304","Damian Lillard",18,28,9,12,51,6,7,0,1866,0.460304344832335,1944,5076,0.527232665427253,0.109038567095486
"305","Klay Thompson",8,16,2,5,23,1,1,0,1708,0.460304344832335,1944,5076,0.527232665427253,0.109038567095486
"306","Paul George",8,17,4,8,25,1,1,1,2259,0.460304344832335,1944,5076,0.527232665427253,0.109038567095486
"307","James Harden",11,22,4,11,34,1,8,0,2612,0.460304344832335,1944,5076,0.527232665427253,0.109038567095486
"308","Stephen Curry",8,17,7,11,31,1,4,0,1958,0.460304344832335,1944,5076,0.527232665427253,0.109038567095486
"309","Klay Thompson",7,18,0,2,16,2,5,1,1947,0.460304344832335,1944,5076,0.527232665427253,0.109038567095486
"310","James Harden",8,22,3,10,23,1,6,0,2306,0.460304344832335,1944,5076,0.527232665427253,0.109038567095486
"311","DeMar DeRozan",12,25,0,2,30,2,5,0,2034,0.460304344832335,1944,5076,0.527232665427253,0.109038567095486
"312","LeBron James",8,19,1,5,25,0,6,0,2193,0.460304344832335,1944,5076,0.527232665427253,0.109038567095486
"313","Russell Westbrook",15,25,3,5,44,0,9,0,2257,0.460304344832335,1944,5076,0.527232665427253,0.109038567095486
"314","Kevin Durant",13,23,3,7,32,0,7,2,2367,0.460304344832335,1944,5076,0.527232665427253,0.109038567095486
"315","Damian Lillard",4,22,0,6,19,0,8,1,2370,0.460304344832335,1944,5076,0.527232665427253,0.109038567095486
"316","DeMar DeRozan",10,17,0,1,30,2,4,0,2384,0.460304344832335,1944,5076,0.527232665427253,0.109038567095486
"317","James Harden",9,25,4,12,30,0,7,1,2532,0.460304344832335,1944,5076,0.527232665427253,0.109038567095486
"318","Isaiah Thomas",9,18,0,2,28,1,7,0,2030,0.460304344832335,1944,5076,0.527232665427253,0.109038567095486
"319","James Harden",6,13,4,9,25,1,5,0,1996,0.460304344832335,1944,5076,0.527232665427253,0.109038567095486
"320","Damian Lillard",3,8,1,4,7,0,0,0,1018,0.460304344832335,1944,5076,0.527232665427253,0.109038567095486
"321","LeBron James",9,17,1,3,22,0,5,0,2240,0.460304344832335,1944,5076,0.527232665427253,0.109038567095486
"322","Isaiah Thomas",7,17,2,4,17,1,7,0,1989,0.460304344832335,1944,5076,0.527232665427253,0.109038567095486
"323","Russell Westbrook",11,24,1,5,34,2,7,0,2157,0.460304344832335,1944,5076,0.527232665427253,0.109038567095486
"324","Kevin Durant",9,18,2,4,25,1,6,4,2379,0.460304344832335,1944,5076,0.527232665427253,0.109038567095486
"325","Damian Lillard",8,16,3,7,30,1,3,0,2120,0.460304344832335,1944,5076,0.527232665427253,0.109038567095486
"326","LeBron James",7,9,1,2,17,0,9,1,1684,0.460304344832335,1944,5076,0.527232665427253,0.109038567095486
"327","Isaiah Thomas",6,18,1,5,21,0,6,0,1960,0.460304344832335,1944,5076,0.527232665427253,0.109038567095486
"328","Isaiah Thomas",7,18,2,6,22,1,5,0,1711,0.460304344832335,1944,5076,0.527232665427253,0.109038567095486
"329","Paul George",6,16,3,8,20,2,6,0,2191,0.460304344832335,1944,5076,0.527232665427253,0.109038567095486
"330","LeBron James",11,19,2,4,28,1,5,0,2258,0.460304344832335,1944,5076,0.527232665427253,0.109038567095486
"331","DeMar DeRozan",11,20,0,2,29,0,7,1,2222,0.460304344832335,1944,5076,0.527232665427253,0.109038567095486
"332","Paul George",5,17,2,7,16,2,6,0,2252,0.460304344832335,1944,5076,0.527232665427253,0.109038567095486
"333","LeBron James",15,22,3,5,37,2,9,0,2220,0.460304344832335,1944,5076,0.527232665427253,0.109038567095486
"334","Stephen Curry",9,18,5,12,33,4,8,0,2111,0.460304344832335,1944,5076,0.527232665427253,0.109038567095486
"335","Klay Thompson",13,25,9,16,40,1,1,1,2100,0.460304344832335,1944,5076,0.527232665427253,0.109038567095486
"336","Damian Lillard",10,21,4,12,30,0,5,0,2241,0.460304344832335,1944,5076,0.527232665427253,0.109038567095486
"337","James Harden",7,17,2,8,24,4,16,0,2423,0.460304344832335,1944,5076,0.527232665427253,0.109038567095486
"338","Russell Westbrook",7,18,0,7,21,1,15,0,2212,0.460304344832335,1944,5076,0.527232665427253,0.109038567095486
"339","Kevin Durant",8,19,1,5,23,0,4,0,2197,0.460304344832335,1944,5076,0.527232665427253,0.109038567095486
"340","James Harden",11,21,3,5,30,3,3,0,1899,0.460304344832335,1944,5076,0.527232665427253,0.109038567095486
"341","Paul George",11,23,1,4,27,5,3,0,2032,0.460304344832335,1944,5076,0.527232665427253,0.109038567095486
"342","DeMar DeRozan",10,22,0,1,27,1,2,0,2339,0.460304344832335,1944,5076,0.527232665427253,0.109038567095486
"343","James Harden",7,20,1,8,24,1,6,1,2260,0.460304344832335,1944,5076,0.527232665427253,0.109038567095486
"344","DeMar DeRozan",11,19,3,3,35,1,4,1,2236,0.460304344832335,1944,5076,0.527232665427253,0.109038567095486
"345","Stephen Curry",9,27,6,13,38,2,8,0,2815,0.460304344832335,1944,5076,0.527232665427253,0.109038567095486
"346","Isaiah Thomas",7,22,2,8,18,0,10,0,2761,0.460304344832335,1944,5076,0.527232665427253,0.109038567095486
"347","Russell Westbrook",10,16,0,3,27,5,13,0,2114,0.460304344832335,1944,5076,0.527232665427253,0.109038567095486
"348","Kevin Durant",11,18,5,8,30,0,5,3,2231,0.460304344832335,1944,5076,0.527232665427253,0.109038567095486
"349","Paul George",4,17,0,9,11,0,3,0,2053,0.460304344832335,1944,5076,0.527232665427253,0.109038567095486
"350","Damian Lillard",6,15,5,9,26,1,9,1,2108,0.460304344832335,1944,5076,0.527232665427253,0.109038567095486
"351","Damian Lillard",10,21,1,4,27,1,6,1,2518,0.460304344832335,1944,5076,0.527232665427253,0.109038567095486
"352","Paul George",7,16,4,8,18,1,3,0,1932,0.460304344832335,1944,5076,0.527232665427253,0.109038567095486
"353","Paul George",7,16,4,9,23,2,6,0,2131,0.460304344832335,1944,5076,0.527232665427253,0.109038567095486
"354","LeBron James",14,22,2,4,33,2,4,0,2209,0.460304344832335,1944,5076,0.527232665427253,0.109038567095486
"355","Isaiah Thomas",11,19,3,4,29,0,1,0,1741,0.460304344832335,1944,5076,0.527232665427253,0.109038567095486
"356","Russell Westbrook",8,16,4,7,24,3,5,0,1569,0.460304344832335,1944,5076,0.527232665427253,0.109038567095486
"357","Kevin Durant",9,19,2,5,28,0,9,2,1791,0.460304344832335,1944,5076,0.527232665427253,0.109038567095486
"358","Paul George",15,27,8,11,48,3,3,0,2525,0.460304344832335,1944,5076,0.527232665427253,0.109038567095486
"359","Stephen Curry",14,29,6,12,42,1,7,1,2135,0.460304344832335,1944,5076,0.527232665427253,0.109038567095486
"360","Klay Thompson",13,25,4,8,33,4,0,0,2034,0.460304344832335,1944,5076,0.527232665427253,0.109038567095486
"361","DeMar DeRozan",5,13,1,2,15,2,5,0,2185,0.460304344832335,1944,5076,0.527232665427253,0.109038567095486
"362","Isaiah Thomas",4,15,2,4,21,1,6,0,2052,0.460304344832335,1944,5076,0.527232665427253,0.109038567095486
"363","Stephen Curry",13,25,5,12,38,3,9,1,2388,0.460304344832335,1944,5076,0.527232665427253,0.109038567095486
"364","Klay Thompson",7,13,2,5,17,0,3,0,2194,0.460304344832335,1944,5076,0.527232665427253,0.109038567095486
"365","Paul George",3,14,2,8,9,2,3,0,1986,0.460304344832335,1944,5076,0.527232665427253,0.109038567095486
"366","DeMar DeRozan",7,18,2,2,23,1,1,0,2199,0.460304344832335,1944,5076,0.527232665427253,0.109038567095486
"367","Isaiah Thomas",7,15,4,9,18,1,9,0,1671,0.460304344832335,1944,5076,0.527232665427253,0.109038567095486
"368","James Harden",6,21,2,12,22,2,6,2,2183,0.460304344832335,1944,5076,0.527232665427253,0.109038567095486
"369","LeBron James",11,19,0,2,25,0,9,1,2077,0.460304344832335,1944,5076,0.527232665427253,0.109038567095486
"370","Isaiah Thomas",10,21,2,10,27,2,7,0,1989,0.460304344832335,1944,5076,0.527232665427253,0.109038567095486
"371","LeBron James",13,17,4,5,33,0,3,1,2313,0.460304344832335,1944,5076,0.527232665427253,0.109038567095486
"372","Damian Lillard",8,26,4,10,26,1,8,0,2645,0.460304344832335,1944,5076,0.527232665427253,0.109038567095486
"373","Stephen Curry",14,18,8,11,40,0,5,0,1849,0.460304344832335,1944,5076,0.527232665427253,0.109038567095486
"374","Klay Thompson",8,18,4,10,21,1,0,1,1746,0.460304344832335,1944,5076,0.527232665427253,0.109038567095486
"375","James Harden",8,20,3,4,24,3,10,2,2298,0.460304344832335,1944,5076,0.527232665427253,0.109038567095486
"376","Damian Lillard",9,25,1,9,23,1,5,0,2194,0.460304344832335,1944,5076,0.527232665427253,0.109038567095486
"377","Stephen Curry",5,15,3,8,23,3,9,0,2130,0.460304344832335,1944,5076,0.527232665427253,0.109038567095486
"378","Klay Thompson",11,22,4,9,32,3,3,0,2371,0.460304344832335,1944,5076,0.527232665427253,0.109038567095486
"379","LeBron James",12,22,1,5,25,1,5,0,2164,0.460304344832335,1944,5076,0.527232665427253,0.109038567095486
"380","DeMar DeRozan",8,16,1,5,22,1,3,1,2021,0.460304344832335,1944,5076,0.527232665427253,0.109038567095486
"381","Paul George",7,18,2,8,19,1,3,1,1928,0.460304344832335,1944,5076,0.527232665427253,0.109038567095486
"382","Stephen Curry",7,14,2,6,26,2,9,0,2360,0.460304344832335,1944,5076,0.527232665427253,0.109038567095486
"383","Klay Thompson",8,16,2,9,27,1,2,3,2207,0.460304344832335,1944,5076,0.527232665427253,0.109038567095486
"384","James Harden",6,16,3,6,26,1,8,0,2325,0.460304344832335,1944,5076,0.527232665427253,0.109038567095486
"385","Isaiah Thomas",5,17,0,4,14,2,1,0,1979,0.460304344832335,1944,5076,0.527232665427253,0.109038567095486
"386","Stephen Curry",10,21,4,12,24,2,9,0,1810,0.460304344832335,1944,5076,0.527232665427253,0.109038567095486
"387","Klay Thompson",3,12,2,6,11,0,2,1,1661,0.460304344832335,1944,5076,0.527232665427253,0.109038567095486
"388","Paul George",14,27,2,6,36,3,3,1,2273,0.460304344832335,1944,5076,0.527232665427253,0.109038567095486
"389","Damian Lillard",6,15,0,6,14,0,12,0,2062,0.460304344832335,1944,5076,0.527232665427253,0.109038567095486
"390","Russell Westbrook",8,14,2,5,23,0,10,0,1705,0.460304344832335,1944,5076,0.527232665427253,0.109038567095486
"391","Kevin Durant",10,17,3,8,23,1,6,0,1809,0.460304344832335,1944,5076,0.527232665427253,0.109038567095486
"392","Isaiah Thomas",4,14,0,4,17,0,9,0,1981,0.460304344832335,1944,5076,0.527232665427253,0.109038567095486
"393","Russell Westbrook",10,16,1,3,26,1,12,0,2046,0.460304344832335,1944,5076,0.527232665427253,0.109038567095486
"394","DeMar DeRozan",8,22,0,0,19,0,5,0,2017,0.460304344832335,1944,5076,0.527232665427253,0.109038567095486
"395","Kevin Durant",11,27,3,10,34,1,8,1,2213,0.460304344832335,1944,5076,0.527232665427253,0.109038567095486
"396","Isaiah Thomas",5,14,1,3,14,0,8,0,1623,0.460304344832335,1944,5076,0.527232665427253,0.109038567095486
"397","James Harden",5,21,1,6,25,2,10,1,2500,0.460304344832335,1944,5076,0.527232665427253,0.109038567095486
"398","Damian Lillard",6,20,4,8,20,1,2,1,1812,0.460304344832335,1944,5076,0.527232665427253,0.109038567095486
"399","Russell Westbrook",5,15,0,3,13,2,5,2,1613,0.460304344832335,1944,5076,0.527232665427253,0.109038567095486
"400","Kevin Durant",8,14,1,4,24,0,4,1,1754,0.460304344832335,1944,5076,0.527232665427253,0.109038567095486
"401","LeBron James",10,21,0,3,23,1,6,2,2348,0.460304344832335,1944,5076,0.527232665427253,0.109038567095486
"402","DeMar DeRozan",9,21,0,1,20,0,7,1,2112,0.460304344832335,1944,5076,0.527232665427253,0.109038567095486
"403","Russell Westbrook",5,16,1,4,13,2,15,0,2003,0.460304344832335,1944,5076,0.527232665427253,0.109038567095486
"404","Kevin Durant",8,20,3,8,24,3,3,1,1858,0.460304344832335,1944,5076,0.527232665427253,0.109038567095486
"405","Paul George",6,12,1,5,19,2,6,0,1720,0.460304344832335,1944,5076,0.527232665427253,0.109038567095486
"406","Paul George",5,19,1,7,12,4,5,0,2416,0.460304344832335,1944,5076,0.527232665427253,0.109038567095486
"407","Isaiah Thomas",7,16,1,8,19,2,6,0,1966,0.460304344832335,1944,5076,0.527232665427253,0.109038567095486
"408","DeMar DeRozan",6,15,0,1,14,1,6,0,2076,0.460304344832335,1944,5076,0.527232665427253,0.109038567095486
"409","Paul George",4,16,0,4,13,1,3,0,2057,0.460304344832335,1944,5076,0.527232665427253,0.109038567095486
"410","DeMar DeRozan",12,25,4,5,33,1,4,0,2147,0.460304344832335,1944,5076,0.527232665427253,0.109038567095486
"411","LeBron James",8,13,2,4,23,2,7,0,1819,0.460304344832335,1944,5076,0.527232665427253,0.109038567095486
"412","Stephen Curry",12,20,8,13,34,0,4,0,1701,0.460304344832335,1944,5076,0.527232665427253,0.109038567095486
"413","Klay Thompson",7,17,5,9,19,0,0,1,1562,0.460304344832335,1944,5076,0.527232665427253,0.109038567095486
"414","James Harden",5,12,2,7,20,0,8,0,2421,0.460304344832335,1944,5076,0.527232665427253,0.109038567095486
"415","Russell Westbrook",12,22,2,5,31,5,11,1,2213,0.460304344832335,1944,5076,0.527232665427253,0.109038567095486
"416","Paul George",8,17,4,6,29,1,4,0,2310,0.460304344832335,1944,5076,0.527232665427253,0.109038567095486
"417","LeBron James",8,20,2,5,25,0,5,0,2293,0.460304344832335,1944,5076,0.527232665427253,0.109038567095486
"418","James Harden",4,19,2,9,17,2,6,0,2169,0.460304344832335,1944,5076,0.527232665427253,0.109038567095486
"419","Paul George",12,29,5,13,32,2,2,0,2490,0.460304344832335,1944,5076,0.527232665427253,0.109038567095486
"420","Isaiah Thomas",5,14,2,5,24,0,2,1,1651,0.460304344832335,1944,5076,0.527232665427253,0.109038567095486
"421","Russell Westbrook",8,19,2,5,29,2,8,0,2174,0.460304344832335,1944,5076,0.527232665427253,0.109038567095486
"422","Kevin Durant",11,21,5,8,32,1,3,2,2296,0.460304344832335,1944,5076,0.527232665427253,0.109038567095486
"423","LeBron James",10,21,2,3,27,1,11,2,2146,0.460304344832335,1944,5076,0.527232665427253,0.109038567095486
"424","James Harden",14,28,6,12,50,0,8,0,2409,0.460304344832335,1944,5076,0.527232665427253,0.109038567095486
"425","James Harden",11,22,3,7,32,1,13,1,2516,0.460304344832335,1944,5076,0.527232665427253,0.109038567095486
"426","DeMar DeRozan",6,13,1,2,18,2,4,0,2193,0.460304344832335,1944,5076,0.527232665427253,0.109038567095486
"427","Isaiah Thomas",8,19,2,8,27,1,6,0,1834,0.460304344832335,1944,5076,0.527232665427253,0.109038567095486
"428","LeBron James",7,16,0,3,16,1,5,1,1973,0.460304344832335,1944,5076,0.527232665427253,0.109038567095486
"429","Stephen Curry",12,18,7,12,35,3,4,0,1683,0.460304344832335,1944,5076,0.527232665427253,0.109038567095486
"430","Klay Thompson",5,11,1,5,15,1,2,0,1550,0.460304344832335,1944,5076,0.527232665427253,0.109038567095486
"431","Stephen Curry",9,20,3,11,27,4,4,0,2165,0.460304344832335,1944,5076,0.527232665427253,0.109038567095486
"432","Klay Thompson",6,12,2,4,15,0,3,1,2161,0.460304344832335,1944,5076,0.527232665427253,0.109038567095486
"433","James Harden",10,25,3,8,27,1,2,0,2482,0.460304344832335,1944,5076,0.527232665427253,0.109038567095486
"434","Damian Lillard",8,17,3,8,20,0,2,2,2038,0.460304344832335,1944,5076,0.527232665427253,0.109038567095486
"435","Isaiah Thomas",11,20,3,6,30,0,2,0,1787,0.460304344832335,1944,5076,0.527232665427253,0.109038567095486
"436","Stephen Curry",14,26,5,12,40,2,7,0,2137,0.460304344832335,1944,5076,0.527232665427253,0.109038567095486
"437","Klay Thompson",3,8,0,2,9,1,3,1,1586,0.460304344832335,1944,5076,0.527232665427253,0.109038567095486
"438","LeBron James",8,16,1,2,21,2,10,1,1854,0.460304344832335,1944,5076,0.527232665427253,0.109038567095486
"439","James Harden",10,14,5,6,30,2,7,0,2604,0.460304344832335,1944,5076,0.527232665427253,0.109038567095486
"440","DeMar DeRozan",6,14,0,1,25,1,2,0,2024,0.460304344832335,1944,5076,0.527232665427253,0.109038567095486
"441","Isaiah Thomas",6,12,3,5,29,2,6,0,2000,0.460304344832335,1944,5076,0.527232665427253,0.109038567095486
"442","Paul George",7,19,2,8,20,0,6,0,2185,0.460304344832335,1944,5076,0.527232665427253,0.109038567095486
"443","Russell Westbrook",9,25,0,4,25,2,5,2,2422,0.460304344832335,1944,5076,0.527232665427253,0.109038567095486
"444","Kevin Durant",10,17,2,6,31,1,6,1,2557,0.460304344832335,1944,5076,0.527232665427253,0.109038567095486
"445","Damian Lillard",14,27,5,11,35,1,3,0,2407,0.460304344832335,1944,5076,0.527232665427253,0.109038567095486
"446","Stephen Curry",4,11,3,7,14,3,9,1,1908,0.460304344832335,1944,5076,0.527232665427253,0.109038567095486
"447","Klay Thompson",14,20,7,12,45,0,1,2,1893,0.460304344832335,1944,5076,0.527232665427253,0.109038567095486
"448","Paul George",13,22,4,7,38,1,2,0,2290,0.460304344832335,1944,5076,0.527232665427253,0.109038567095486
"449","DeMar DeRozan",11,15,0,1,31,0,0,0,2095,0.460304344832335,1944,5076,0.527232665427253,0.109038567095486
"450","James Harden",9,22,3,7,33,1,14,0,2163,0.460304344832335,1944,5076,0.527232665427253,0.109038567095486
"451","Stephen Curry",12,23,4,10,33,3,5,0,2246,0.460304344832335,1944,5076,0.527232665427253,0.109038567095486
"452","Klay Thompson",12,21,7,10,32,1,3,0,2185,0.460304344832335,1944,5076,0.527232665427253,0.109038567095486
"453","LeBron James",9,15,3,4,27,1,5,0,1843,0.460304344832335,1944,5076,0.527232665427253,0.109038567095486
"454","Paul George",4,11,2,5,14,1,3,1,1672,0.460304344832335,1944,5076,0.527232665427253,0.109038567095486
"455","Damian Lillard",8,22,2,9,26,0,5,0,2105,0.460304344832335,1944,5076,0.527232665427253,0.109038567095486
"456","Russell Westbrook",7,17,3,4,22,1,11,0,1666,0.460304344832335,1944,5076,0.527232665427253,0.109038567095486
"457","Kevin Durant",4,8,2,2,14,0,4,0,1005,0.460304344832335,1944,5076,0.527232665427253,0.109038567095486
"458","DeMar DeRozan",7,13,0,1,15,1,4,1,2237,0.460304344832335,1944,5076,0.527232665427253,0.109038567095486
"459","LeBron James",9,23,1,5,30,2,4,1,2285,0.460304344832335,1944,5076,0.527232665427253,0.109038567095486
"460","Isaiah Thomas",5,19,1,2,22,1,4,0,2147,0.460304344832335,1944,5076,0.527232665427253,0.109038567095486
"461","Stephen Curry",13,22,4,9,37,2,5,0,2122,0.460304344832335,1944,5076,0.527232665427253,0.109038567095486
"462","Klay Thompson",6,14,2,4,14,2,0,1,2093,0.460304344832335,1944,5076,0.527232665427253,0.109038567095486
"463","Stephen Curry",14,22,5,11,36,3,8,0,2148,0.460304344832335,1944,5076,0.527232665427253,0.109038567095486
"464","Klay Thompson",10,23,5,14,27,3,3,0,2211,0.460304344832335,1944,5076,0.527232665427253,0.109038567095486
"465","Damian Lillard",8,19,3,8,23,0,7,0,2284,0.460304344832335,1944,5076,0.527232665427253,0.109038567095486
"466","LeBron James",6,16,1,5,24,0,8,0,2386,0.460304344832335,1944,5076,0.527232665427253,0.109038567095486
"467","DeMar DeRozan",7,16,1,1,20,1,4,1,2419,0.460304344832335,1944,5076,0.527232665427253,0.109038567095486
"468","James Harden",2,15,0,10,16,3,7,1,2346,0.460304344832335,1944,5076,0.527232665427253,0.109038567095486
"469","Isaiah Thomas",7,17,1,6,23,2,8,0,2139,0.460304344832335,1944,5076,0.527232665427253,0.109038567095486
"470","Stephen Curry",9,19,5,11,23,1,6,2,2052,0.460304344832335,1944,5076,0.527232665427253,0.109038567095486
"471","Klay Thompson",14,26,4,10,32,0,3,0,1973,0.460304344832335,1944,5076,0.527232665427253,0.109038567095486
"472","LeBron James",13,19,0,2,29,1,4,0,2036,0.460304344832335,1944,5076,0.527232665427253,0.109038567095486
"473","DeMar DeRozan",4,19,0,2,13,1,4,1,2385,0.460304344832335,1944,5076,0.527232665427253,0.109038567095486
"474","DeMar DeRozan",10,15,0,0,28,1,6,1,2248,0.460304344832335,1944,5076,0.527232665427253,0.109038567095486
"475","DeMar DeRozan",6,13,0,0,20,1,2,0,1703,0.460304344832335,1944,5076,0.527232665427253,0.109038567095486
"476","Isaiah Thomas",7,19,3,7,21,0,10,0,2117,0.460304344832335,1944,5076,0.527232665427253,0.109038567095486
"477","DeMar DeRozan",13,25,0,1,34,1,6,0,2278,0.460304344832335,1944,5076,0.527232665427253,0.109038567095486
"478","Isaiah Thomas",5,13,1,4,16,0,5,0,1831,0.460304344832335,1944,5076,0.527232665427253,0.109038567095486
"479","DeMar DeRozan",6,21,1,3,22,2,3,0,2400,0.460304344832335,1944,5076,0.527232665427253,0.109038567095486
"480","Damian Lillard",14,25,4,9,34,2,7,1,2277,0.460304344832335,1944,5076,0.527232665427253,0.109038567095486
"481","DeMar DeRozan",10,21,1,1,29,2,4,0,2018,0.460304344832335,1944,5076,0.527232665427253,0.109038567095486
"482","Damian Lillard",6,20,2,6,16,0,7,0,2155,0.460304344832335,1944,5076,0.527232665427253,0.109038567095486
"483","Isaiah Thomas",8,20,2,7,18,1,9,0,1913,0.460304344832335,1944,5076,0.527232665427253,0.109038567095486
"484","Isaiah Thomas",5,15,1,3,16,2,8,0,1545,0.460304344832335,1944,5076,0.527232665427253,0.109038567095486
"485","Russell Westbrook",12,27,1,4,27,1,7,0,2381,0.460304344832335,1944,5076,0.527232665427253,0.109038567095486
"486","Kevin Durant",11,22,2,10,32,2,7,1,2458,0.460304344832335,1944,5076,0.527232665427253,0.109038567095486
"487","Damian Lillard",9,22,4,11,31,3,9,0,2117,0.460304344832335,1944,5076,0.527232665427253,0.109038567095486
"488","James Harden",10,20,3,8,34,2,11,0,2504,0.460304344832335,1944,5076,0.527232665427253,0.109038567095486
"489","LeBron James",13,16,1,2,30,1,5,0,2104,0.460304344832335,1944,5076,0.527232665427253,0.109038567095486
"490","LeBron James",10,17,0,3,23,3,4,1,1519,0.460304344832335,1944,5076,0.527232665427253,0.109038567095486
"491","Isaiah Thomas",10,19,1,6,27,3,7,0,1749,0.460304344832335,1944,5076,0.527232665427253,0.109038567095486
"492","James Harden",12,19,5,9,40,3,5,1,2454,0.460304344832335,1944,5076,0.527232665427253,0.109038567095486
"493","Damian Lillard",7,20,3,8,24,0,6,0,2210,0.460304344832335,1944,5076,0.527232665427253,0.109038567095486
"494","LeBron James",8,20,0,3,24,1,4,1,2243,0.460304344832335,1944,5076,0.527232665427253,0.109038567095486
"495","Stephen Curry",13,26,7,15,38,2,5,0,2215,0.460304344832335,1944,5076,0.527232665427253,0.109038567095486
"496","Klay Thompson",8,18,1,5,24,0,1,0,1922,0.460304344832335,1944,5076,0.527232665427253,0.109038567095486
"497","LeBron James",7,16,0,2,20,1,8,0,2148,0.460304344832335,1944,5076,0.527232665427253,0.109038567095486
"498","LeBron James",7,18,1,4,19,3,8,0,1823,0.460304344832335,1944,5076,0.527232665427253,0.109038567095486
"499","Damian Lillard",5,15,0,5,11,2,7,0,2288,0.460304344832335,1944,5076,0.527232665427253,0.109038567095486
"500","Paul George",3,15,1,5,7,2,6,0,1511,0.460304344832335,1944,5076,0.527232665427253,0.109038567095486
"501","James Harden",6,10,2,5,17,1,3,0,1826,0.460304344832335,1944,5076,0.527232665427253,0.109038567095486
"502","James Harden",4,13,0,4,18,0,11,1,2023,0.460304344832335,1944,5076,0.527232665427253,0.109038567095486
"503","Isaiah Thomas",8,18,2,4,22,2,9,1,1705,0.460304344832335,1944,5076,0.527232665427253,0.109038567095486
"504","James Harden",7,17,3,5,25,1,8,1,2208,0.460304344832335,1944,5076,0.527232665427253,0.109038567095486
"505","Stephen Curry",12,26,6,12,31,2,10,0,2059,0.460304344832335,1944,5076,0.527232665427253,0.109038567095486
"506","Klay Thompson",14,22,10,15,39,2,2,1,2030,0.460304344832335,1944,5076,0.527232665427253,0.109038567095486
"507","DeMar DeRozan",11,19,2,2,31,2,4,0,2272,0.460304344832335,1944,5076,0.527232665427253,0.109038567095486
"508","Isaiah Thomas",6,20,1,10,20,1,1,0,2052,0.460304344832335,1944,5076,0.527232665427253,0.109038567095486
"509","Paul George",11,24,4,10,33,0,2,0,2310,0.460304344832335,1944,5076,0.527232665427253,0.109038567095486
"510","Paul George",5,15,2,8,18,1,5,1,2080,0.460304344832335,1944,5076,0.527232665427253,0.109038567095486
"511","Damian Lillard",4,18,1,6,14,0,2,0,1826,0.460304344832335,1944,5076,0.527232665427253,0.109038567095486
"512","Stephen Curry",8,18,3,9,25,2,11,1,2025,0.460304344832335,1944,5076,0.527232665427253,0.109038567095486
"513","Klay Thompson",7,18,3,8,20,0,1,3,1927,0.460304344832335,1944,5076,0.527232665427253,0.109038567095486
"514","DeMar DeRozan",9,11,1,2,23,0,5,0,1828,0.460304344832335,1944,5076,0.527232665427253,0.109038567095486
"515","Stephen Curry",13,23,5,10,37,2,9,0,2375,0.460304344832335,1944,5076,0.527232665427253,0.109038567095486
"516","DeMar DeRozan",9,22,0,0,28,1,6,0,2350,0.460304344832335,1944,5076,0.527232665427253,0.109038567095486
"517","Klay Thompson",8,19,2,9,19,0,3,0,2058,0.460304344832335,1944,5076,0.527232665427253,0.109038567095486
"518","Russell Westbrook",11,24,1,4,36,1,7,0,2074,0.460304344832335,1944,5076,0.527232665427253,0.109038567095486
"519","Kevin Durant",10,15,2,4,24,2,2,1,2374,0.460304344832335,1944,5076,0.527232665427253,0.109038567095486
"520","DeMar DeRozan",7,17,3,6,24,0,4,0,2125,0.460304344832335,1944,5076,0.527232665427253,0.109038567095486
"521","James Harden",10,19,3,8,26,2,14,1,2080,0.460304344832335,1944,5076,0.527232665427253,0.109038567095486
"522","Isaiah Thomas",7,16,3,7,22,2,12,1,1927,0.460304344832335,1944,5076,0.527232665427253,0.109038567095486
"523","Isaiah Thomas",7,18,1,5,20,1,8,0,2218,0.460304344832335,1944,5076,0.527232665427253,0.109038567095486
"524","DeMar DeRozan",7,14,0,1,19,1,8,0,2146,0.460304344832335,1944,5076,0.527232665427253,0.109038567095486
"525","Russell Westbrook",10,18,0,2,29,1,8,0,2065,0.460304344832335,1944,5076,0.527232665427253,0.109038567095486
"526","Kevin Durant",13,20,5,7,31,0,3,0,1902,0.460304344832335,1944,5076,0.527232665427253,0.109038567095486
"527","Damian Lillard",10,25,4,10,27,1,7,0,2287,0.460304344832335,1944,5076,0.527232665427253,0.109038567095486
"528","Russell Westbrook",6,8,2,3,20,3,15,0,2075,0.460304344832335,1944,5076,0.527232665427253,0.109038567095486
"529","Kevin Durant",8,17,4,9,27,2,6,1,1891,0.460304344832335,1944,5076,0.527232665427253,0.109038567095486
"530","LeBron James",13,29,1,5,37,1,8,1,2687,0.460304344832335,1944,5076,0.527232665427253,0.109038567095486
"531","DeMar DeRozan",5,12,1,2,18,1,2,0,2023,0.460304344832335,1944,5076,0.527232665427253,0.109038567095486
"532","Stephen Curry",8,18,2,10,24,2,3,0,2348,0.460304344832335,1944,5076,0.527232665427253,0.109038567095486
"533","Klay Thompson",7,16,4,11,18,0,3,1,2139,0.460304344832335,1944,5076,0.527232665427253,0.109038567095486
"534","Stephen Curry",9,17,5,10,26,1,9,1,1806,0.460304344832335,1944,5076,0.527232665427253,0.109038567095486
"535","Klay Thompson",8,20,5,13,24,5,1,0,1996,0.460304344832335,1944,5076,0.527232665427253,0.109038567095486
"536","Paul George",11,23,4,9,35,5,7,1,2184,0.460304344832335,1944,5076,0.527232665427253,0.109038567095486
"537","Damian Lillard",4,15,2,9,19,1,10,0,2163,0.460304344832335,1944,5076,0.527232665427253,0.109038567095486
"538","Russell Westbrook",14,25,0,3,43,1,8,1,2164,0.460304344832335,1944,5076,0.527232665427253,0.109038567095486
"539","Russell Westbrook",8,18,0,3,25,1,6,0,2067,0.460304344832335,1944,5076,0.527232665427253,0.109038567095486
"540","Kevin Durant",9,21,2,7,25,1,6,0,2057,0.460304344832335,1944,5076,0.527232665427253,0.109038567095486
"541","Paul George",7,15,2,6,23,1,3,0,2144,0.460304344832335,1944,5076,0.527232665427253,0.109038567095486
"542","LeBron James",14,24,1,3,33,2,3,3,2420,0.460304344832335,1944,5076,0.527232665427253,0.109038567095486
"543","Damian Lillard",14,27,4,9,33,0,6,0,2350,0.460304344832335,1944,5076,0.527232665427253,0.109038567095486
"544","Russell Westbrook",8,21,3,9,22,2,16,0,2120,0.460304344832335,1944,5076,0.527232665427253,0.109038567095486
"545","DeMar DeRozan",7,18,0,0,28,2,3,0,2315,0.460304344832335,1944,5076,0.527232665427253,0.109038567095486
"546","Kevin Durant",10,18,2,5,27,2,4,3,2260,0.460304344832335,1944,5076,0.527232665427253,0.109038567095486
"547","LeBron James",13,20,0,3,26,1,3,0,1598,0.460304344832335,1944,5076,0.527232665427253,0.109038567095486
"548","LeBron James",12,22,3,5,31,2,13,0,2180,0.460304344832335,1944,5076,0.527232665427253,0.109038567095486
"549","Damian Lillard",7,16,3,6,21,0,4,1,1914,0.460304344832335,1944,5076,0.527232665427253,0.109038567095486
"550","Russell Westbrook",7,11,0,0,17,2,16,1,1707,0.460304344832335,1944,5076,0.527232665427253,0.109038567095486
"551","Kevin Durant",6,15,1,5,20,0,7,0,1585,0.460304344832335,1944,5076,0.527232665427253,0.109038567095486
"552","Stephen Curry",9,19,8,14,29,1,6,0,2197,0.460304344832335,1944,5076,0.527232665427253,0.109038567095486
"553","Isaiah Thomas",9,20,1,5,22,1,6,0,1997,0.460304344832335,1944,5076,0.527232665427253,0.109038567095486
"554","Klay Thompson",6,16,2,6,15,1,3,0,2223,0.460304344832335,1944,5076,0.527232665427253,0.109038567095486
"555","Isaiah Thomas",10,21,5,9,30,1,2,0,2304,0.460304344832335,1944,5076,0.527232665427253,0.109038567095486
"556","James Harden",9,19,1,6,32,1,4,1,2172,0.460304344832335,1944,5076,0.527232665427253,0.109038567095486
"557","James Harden",10,28,0,7,26,2,9,0,2718,0.460304344832335,1944,5076,0.527232665427253,0.109038567095486
"558","LeBron James",11,20,2,5,27,1,8,0,2202,0.460304344832335,1944,5076,0.527232665427253,0.109038567095486
"559","LeBron James",9,22,0,3,24,0,5,0,2263,0.460304344832335,1944,5076,0.527232665427253,0.109038567095486
"560","Paul George",11,21,3,6,32,0,6,0,2338,0.460304344832335,1944,5076,0.527232665427253,0.109038567095486
"561","LeBron James",10,23,0,3,29,0,4,0,2101,0.460304344832335,1944,5076,0.527232665427253,0.109038567095486
"562","Damian Lillard",8,20,2,7,27,1,11,1,2160,0.460304344832335,1944,5076,0.527232665427253,0.109038567095486
"563","DeMar DeRozan",11,25,1,1,29,1,4,0,2119,0.460304344832335,1944,5076,0.527232665427253,0.109038567095486
"564","Paul George",4,15,0,4,11,2,2,0,1781,0.460304344832335,1944,5076,0.527232665427253,0.109038567095486
"565","Damian Lillard",11,23,5,8,33,0,2,1,2105,0.460304344832335,1944,5076,0.527232665427253,0.109038567095486
"566","LeBron James",9,22,1,4,26,2,8,1,2215,0.460304344832335,1944,5076,0.527232665427253,0.109038567095486
"567","Russell Westbrook",5,14,0,3,16,5,15,0,1640,0.460304344832335,1944,5076,0.527232665427253,0.109038567095486
"568","Kevin Durant",9,20,1,5,26,0,5,0,1807,0.460304344832335,1944,5076,0.527232665427253,0.109038567095486
"569","LeBron James",7,12,1,1,17,1,5,1,1743,0.460304344832335,1944,5076,0.527232665427253,0.109038567095486
"570","Russell Westbrook",7,13,3,4,24,0,15,0,2200,0.460304344832335,1944,5076,0.527232665427253,0.109038567095486
"571","Kevin Durant",10,20,1,3,27,0,5,1,2212,0.460304344832335,1944,5076,0.527232665427253,0.109038567095486
"572","Paul George",9,20,4,5,26,0,5,0,2311,0.460304344832335,1944,5076,0.527232665427253,0.109038567095486
"573","James Harden",14,26,5,10,46,1,2,0,2379,0.460304344832335,1944,5076,0.527232665427253,0.109038567095486
"574","Stephen Curry",7,22,3,14,17,1,8,0,2039,0.460304344832335,1944,5076,0.527232665427253,0.109038567095486
"575","Klay Thompson",7,16,2,10,20,1,3,1,2127,0.460304344832335,1944,5076,0.527232665427253,0.109038567095486
"576","DeMar DeRozan",7,19,1,2,26,1,6,0,2139,0.460304344832335,1944,5076,0.527232665427253,0.109038567095486
"577","Stephen Curry",10,16,4,9,27,2,5,0,1878,0.460304344832335,1944,5076,0.527232665427253,0.109038567095486
"578","Klay Thompson",7,11,2,4,18,0,0,1,1567,0.460304344832335,1944,5076,0.527232665427253,0.109038567095486
"579","Isaiah Thomas",4,18,1,5,15,1,5,0,1595,0.460304344832335,1944,5076,0.527232665427253,0.109038567095486
"580","LeBron James",5,18,0,4,12,3,5,0,2250,0.460304344832335,1944,5076,0.527232665427253,0.109038567095486
"581","Paul George",14,29,4,10,45,2,4,0,2451,0.460304344832335,1944,5076,0.527232665427253,0.109038567095486
"582","Russell Westbrook",4,17,3,9,14,1,14,0,2156,0.460304344832335,1944,5076,0.527232665427253,0.109038567095486
"583","Kevin Durant",11,20,3,8,33,3,8,1,2236,0.460304344832335,1944,5076,0.527232665427253,0.109038567095486
"584","Stephen Curry",10,22,2,9,28,1,5,0,2114,0.460304344832335,1944,5076,0.527232665427253,0.109038567095486
"585","Klay Thompson",4,14,2,7,12,1,3,0,1827,0.460304344832335,1944,5076,0.527232665427253,0.109038567095486
"586","Damian Lillard",13,24,5,10,33,1,10,0,2244,0.460304344832335,1944,5076,0.527232665427253,0.109038567095486
"587","LeBron James",12,26,1,5,29,3,9,1,2665,0.460304344832335,1944,5076,0.527232665427253,0.109038567095486
"588","LeBron James",9,17,3,6,27,2,7,0,2503,0.460304344832335,1944,5076,0.527232665427253,0.109038567095486
"589","Isaiah Thomas",5,11,3,5,19,0,5,0,1440,0.460304344832335,1944,5076,0.527232665427253,0.109038567095486
"590","Isaiah Thomas",12,21,1,5,36,1,11,0,2396,0.460304344832335,1944,5076,0.527232665427253,0.109038567095486
"591","Stephen Curry",7,18,3,7,22,3,5,0,2210,0.460304344832335,1944,5076,0.527232665427253,0.109038567095486
"592","Klay Thompson",10,17,4,7,24,2,1,0,1938,0.460304344832335,1944,5076,0.527232665427253,0.109038567095486
"593","DeMar DeRozan",8,17,0,1,27,2,1,1,2090,0.460304344832335,1944,5076,0.527232665427253,0.109038567095486
"594","James Harden",11,20,3,7,40,1,14,0,2561,0.460304344832335,1944,5076,0.527232665427253,0.109038567095486
"595","DeMar DeRozan",4,10,0,1,19,2,7,0,2050,0.460304344832335,1944,5076,0.527232665427253,0.109038567095486
"596","Isaiah Thomas",7,18,2,7,26,1,8,0,2004,0.460304344832335,1944,5076,0.527232665427253,0.109038567095486
"597","Paul George",6,11,0,1,16,1,1,0,2017,0.460304344832335,1944,5076,0.527232665427253,0.109038567095486
"598","LeBron James",4,13,0,3,12,3,5,0,1848,0.460304344832335,1944,5076,0.527232665427253,0.109038567095486
"599","Damian Lillard",9,19,4,9,27,1,6,2,2259,0.460304344832335,1944,5076,0.527232665427253,0.109038567095486
"600","DeMar DeRozan",8,18,0,1,25,4,2,0,2263,0.460304344832335,1944,5076,0.527232665427253,0.109038567095486
"601","Stephen Curry",11,20,9,16,41,2,8,0,1839,0.460304344832335,1944,5076,0.527232665427253,0.109038567095486
"602","Klay Thompson",6,11,3,8,15,0,0,1,1606,0.460304344832335,1944,5076,0.527232665427253,0.109038567095486
"603","Russell Westbrook",7,18,0,2,20,1,10,0,2314,0.460304344832335,1944,5076,0.527232665427253,0.109038567095486
"604","Kevin Durant",13,29,3,6,33,0,5,2,2448,0.460304344832335,1944,5076,0.527232665427253,0.109038567095486
"605","James Harden",6,15,2,4,29,2,7,0,2542,0.460304344832335,1944,5076,0.527232665427253,0.109038567095486
"606","LeBron James",10,15,0,1,25,4,8,0,1765,0.460304344832335,1944,5076,0.527232665427253,0.109038567095486
"607","Isaiah Thomas",8,14,3,6,21,4,9,0,2049,0.460304344832335,1944,5076,0.527232665427253,0.109038567095486
"608","Russell Westbrook",8,18,3,7,26,4,11,0,2149,0.460304344832335,1944,5076,0.527232665427253,0.109038567095486
"609","Kevin Durant",10,22,1,8,31,2,5,0,2424,0.460304344832335,1944,5076,0.527232665427253,0.109038567095486
"610","Russell Westbrook",10,19,0,1,23,2,8,0,1773,0.460304344832335,1944,5076,0.527232665427253,0.109038567095486
"611","Kevin Durant",7,9,1,2,21,0,5,3,1660,0.460304344832335,1944,5076,0.527232665427253,0.109038567095486
"612","Isaiah Thomas",8,20,2,7,28,0,3,0,1968,0.460304344832335,1944,5076,0.527232665427253,0.109038567095486
"613","James Harden",7,21,2,6,20,0,9,1,2280,0.460304344832335,1944,5076,0.527232665427253,0.109038567095486
"614","Paul George",7,15,3,7,19,0,7,0,2364,0.460304344832335,1944,5076,0.527232665427253,0.109038567095486
"615","Isaiah Thomas",7,18,1,5,19,1,7,0,1857,0.460304344832335,1944,5076,0.527232665427253,0.109038567095486
"616","LeBron James",7,8,0,1,21,0,9,0,1861,0.460304344832335,1944,5076,0.527232665427253,0.109038567095486
"617","Stephen Curry",6,20,1,10,18,1,4,0,2057,0.460304344832335,1944,5076,0.527232665427253,0.109038567095486
"618","Klay Thompson",7,20,0,8,15,2,2,0,1775,0.460304344832335,1944,5076,0.527232665427253,0.109038567095486
"619","Stephen Curry",9,20,6,8,26,5,7,0,2082,0.460304344832335,1944,5076,0.527232665427253,0.109038567095486
"620","Klay Thompson",7,19,2,8,16,1,1,1,1898,0.460304344832335,1944,5076,0.527232665427253,0.109038567095486
"621","James Harden",8,19,5,10,30,3,5,0,2064,0.460304344832335,1944,5076,0.527232665427253,0.109038567095486
"622","Klay Thompson",16,27,6,11,38,0,0,1,2400,0.460304344832335,1944,5076,0.527232665427253,0.109038567095486
"623","LeBron James",12,19,1,2,33,0,11,1,2006,0.460304344832335,1944,5076,0.527232665427253,0.109038567095486
"624","LeBron James",9,18,1,4,24,0,7,2,2090,0.460304344832335,1944,5076,0.527232665427253,0.109038567095486
"625","Paul George",7,16,2,7,20,4,5,1,2190,0.460304344832335,1944,5076,0.527232665427253,0.109038567095486
"626","Russell Westbrook",7,15,1,5,24,1,10,0,2022,0.460304344832335,1944,5076,0.527232665427253,0.109038567095486
"627","Kevin Durant",11,29,4,12,31,0,8,0,2393,0.460304344832335,1944,5076,0.527232665427253,0.109038567095486
"628","Isaiah Thomas",12,20,3,5,38,0,7,0,2276,0.460304344832335,1944,5076,0.527232665427253,0.109038567095486
"629","James Harden",9,15,5,8,30,2,8,0,2046,0.460304344832335,1944,5076,0.527232665427253,0.109038567095486
"630","James Harden",2,14,0,5,12,2,10,0,2022,0.460304344832335,1944,5076,0.527232665427253,0.109038567095486
"631","Isaiah Thomas",10,22,2,9,24,2,6,0,2180,0.460304344832335,1944,5076,0.527232665427253,0.109038567095486
"632","Russell Westbrook",10,18,0,1,24,2,14,0,2261,0.460304344832335,1944,5076,0.527232665427253,0.109038567095486
"633","Kevin Durant",12,25,6,12,37,2,5,3,2239,0.460304344832335,1944,5076,0.527232665427253,0.109038567095486
"634","LeBron James",10,22,1,6,26,1,5,0,2143,0.460304344832335,1944,5076,0.527232665427253,0.109038567095486
"635","James Harden",13,27,5,10,38,0,4,0,1816,0.460304344832335,1944,5076,0.527232665427253,0.109038567095486
"636","Damian Lillard",9,18,7,11,27,0,5,1,1955,0.460304344832335,1944,5076,0.527232665427253,0.109038567095486
"637","Damian Lillard",4,14,2,10,17,1,7,0,2145,0.460304344832335,1944,5076,0.527232665427253,0.109038567095486
"638","LeBron James",9,18,2,4,25,1,7,0,2429,0.460304344832335,1944,5076,0.527232665427253,0.109038567095486
"639","DeMar DeRozan",1,11,0,1,6,1,2,0,1939,0.460304344832335,1944,5076,0.527232665427253,0.109038567095486
"640","James Harden",10,17,4,7,31,0,5,0,1635,0.460304344832335,1944,5076,0.527232665427253,0.109038567095486
"641","Russell Westbrook",8,13,0,3,17,1,11,0,2168,0.460304344832335,1944,5076,0.527232665427253,0.109038567095486
"642","Kevin Durant",9,18,2,7,28,0,4,0,2177,0.460304344832335,1944,5076,0.527232665427253,0.109038567095486
"643","Russell Westbrook",8,19,2,4,24,2,7,0,2102,0.460304344832335,1944,5076,0.527232665427253,0.109038567095486
"644","Kevin Durant",8,17,1,6,21,2,3,1,2243,0.460304344832335,1944,5076,0.527232665427253,0.109038567095486
"645","Russell Westbrook",11,25,2,5,33,3,7,0,2239,0.460304344832335,1944,5076,0.527232665427253,0.109038567095486
"646","Kevin Durant",10,24,1,7,24,2,7,2,2308,0.460304344832335,1944,5076,0.527232665427253,0.109038567095486
"647","Russell Westbrook",8,19,3,6,26,0,8,0,2230,0.460304344832335,1944,5076,0.527232665427253,0.109038567095486
"648","Kevin Durant",11,20,2,5,28,0,1,1,2264,0.460304344832335,1944,5076,0.527232665427253,0.109038567095486
"649","Isaiah Thomas",7,16,1,4,25,2,7,0,1747,0.460304344832335,1944,5076,0.527232665427253,0.109038567095486
"650","DeMar DeRozan",5,15,1,4,23,2,6,0,2085,0.460304344832335,1944,5076,0.527232665427253,0.109038567095486
"651","LeBron James",7,14,1,2,19,0,7,2,2183,0.460304344832335,1944,5076,0.527232665427253,0.109038567095486
"652","James Harden",2,10,0,5,11,3,5,1,2294,0.460304344832335,1944,5076,0.527232665427253,0.109038567095486
"653","Russell Westbrook",9,15,0,2,25,2,19,1,2222,0.460304344832335,1944,5076,0.527232665427253,0.109038567095486
"654","Kevin Durant",11,20,5,8,30,1,7,0,2142,0.460304344832335,1944,5076,0.527232665427253,0.109038567095486
"655","James Harden",10,23,1,6,25,1,9,2,2168,0.460304344832335,1944,5076,0.527232665427253,0.109038567095486
"656","LeBron James",9,23,1,5,23,4,3,1,2104,0.460304344832335,1944,5076,0.527232665427253,0.109038567095486
"657","Russell Westbrook",8,22,2,6,21,3,11,0,2087,0.460304344832335,1944,5076,0.527232665427253,0.109038567095486
"658","Damian Lillard",8,21,1,7,21,2,11,0,2154,0.460304344832335,1944,5076,0.527232665427253,0.109038567095486
"659","Damian Lillard",4,16,2,8,18,1,8,0,2114,0.460304344832335,1944,5076,0.527232665427253,0.109038567095486
"660","LeBron James",9,17,1,4,22,0,12,0,2111,0.460304344832335,1944,5076,0.527232665427253,0.109038567095486
"661","Paul George",13,26,2,8,32,3,4,1,2102,0.460304344832335,1944,5076,0.527232665427253,0.109038567095486
"662","Stephen Curry",14,24,7,13,41,4,3,0,2240,0.460304344832335,1944,5076,0.527232665427253,0.109038567095486
"663","Klay Thompson",11,23,5,11,27,1,0,0,2179,0.460304344832335,1944,5076,0.527232665427253,0.109038567095486
"664","Stephen Curry",12,24,7,16,35,1,9,0,2261,0.460304344832335,1944,5076,0.527232665427253,0.109038567095486
"665","James Harden",10,21,6,10,37,3,5,1,2405,0.460304344832335,1944,5076,0.527232665427253,0.109038567095486
"666","Klay Thompson",5,19,0,7,13,0,3,0,2091,0.460304344832335,1944,5076,0.527232665427253,0.109038567095486
"667","Stephen Curry",13,23,7,14,34,2,4,0,1766,0.460304344832335,1944,5076,0.527232665427253,0.109038567095486
"668","Damian Lillard",5,19,4,9,17,1,5,1,1815,0.460304344832335,1944,5076,0.527232665427253,0.109038567095486
"669","Klay Thompson",13,22,8,11,37,0,0,0,1897,0.460304344832335,1944,5076,0.527232665427253,0.109038567095486
"670","DeMar DeRozan",12,25,0,1,31,1,5,1,2648,0.460304344832335,1944,5076,0.527232665427253,0.109038567095486
"671","LeBron James",12,21,0,2,31,2,6,1,2363,0.460304344832335,1944,5076,0.527232665427253,0.109038567095486
"672","DeMar DeRozan",9,16,3,4,26,3,6,0,2221,0.460304344832335,1944,5076,0.527232665427253,0.109038567095486
"673","LeBron James",13,16,3,4,34,2,6,1,1945,0.460304344832335,1944,5076,0.527232665427253,0.109038567095486
"674","Damian Lillard",6,20,3,10,23,0,7,0,2178,0.460304344832335,1944,5076,0.527232665427253,0.109038567095486
"675","James Harden",16,26,4,9,46,3,8,0,2785,0.460304344832335,1944,5076,0.527232665427253,0.109038567095486
"676","Paul George",8,18,5,11,26,2,3,0,1871,0.460304344832335,1944,5076,0.527232665427253,0.109038567095486
"677","Isaiah Thomas",9,19,4,7,27,2,7,0,2146,0.460304344832335,1944,5076,0.527232665427253,0.109038567095486
"678","Damian Lillard",8,21,1,7,18,0,7,0,2126,0.460304344832335,1944,5076,0.527232665427253,0.109038567095486
"679","Damian Lillard",12,26,0,4,31,0,4,0,2074,0.460304344832335,1944,5076,0.527232665427253,0.109038567095486
"680","James Harden",9,19,1,5,28,3,5,2,2273,0.460304344832335,1944,5076,0.527232665427253,0.109038567095486
"681","LeBron James",11,27,0,5,26,2,9,1,2384,0.460304344832335,1944,5076,0.527232665427253,0.109038567095486
"682","Klay Thompson",8,27,6,16,26,1,5,0,2361,0.460304344832335,1944,5076,0.527232665427253,0.109038567095486
"683","Russell Westbrook",6,10,0,1,12,2,10,0,1632,0.460304344832335,1944,5076,0.527232665427253,0.109038567095486
"684","Kevin Durant",7,14,1,5,21,1,7,0,1798,0.460304344832335,1944,5076,0.527232665427253,0.109038567095486
"685","LeBron James",4,13,0,3,12,0,5,0,1587,0.460304344832335,1944,5076,0.527232665427253,0.109038567095486
"686","Paul George",2,11,0,1,11,1,3,0,1832,0.460304344832335,1944,5076,0.527232665427253,0.109038567095486
"687","James Harden",16,30,2,7,42,2,4,0,2638,0.460304344832335,1944,5076,0.527232665427253,0.109038567095486
"688","Stephen Curry",8,16,3,8,19,3,7,0,1657,0.460304344832335,1944,5076,0.527232665427253,0.109038567095486
"689","Klay Thompson",7,16,4,7,21,0,7,1,1897,0.460304344832335,1944,5076,0.527232665427253,0.109038567095486
"690","DeMar DeRozan",6,16,0,2,25,1,5,0,2240,0.460304344832335,1944,5076,0.527232665427253,0.109038567095486
"691","LeBron James",11,22,2,5,25,3,11,0,2250,0.460304344832335,1944,5076,0.527232665427253,0.109038567095486
"692","Russell Westbrook",7,15,1,3,20,1,11,0,1984,0.460304344832335,1944,5076,0.527232665427253,0.109038567095486
"693","Kevin Durant",10,21,4,8,26,0,3,3,2001,0.460304344832335,1944,5076,0.527232665427253,0.109038567095486
"694","James Harden",11,20,3,8,29,3,14,0,2308,0.460304344832335,1944,5076,0.527232665427253,0.109038567095486
"695","LeBron James",12,27,2,5,33,2,11,0,2377,0.460304344832335,1944,5076,0.527232665427253,0.109038567095486
"696","Russell Westbrook",10,18,1,3,27,3,10,0,2068,0.460304344832335,1944,5076,0.527232665427253,0.109038567095486
"697","Kevin Durant",7,17,2,6,25,0,5,2,2432,0.460304344832335,1944,5076,0.527232665427253,0.109038567095486
"698","Stephen Curry",11,19,3,7,27,2,9,0,2177,0.460304344832335,1944,5076,0.527232665427253,0.109038567095486
"699","Klay Thompson",5,13,2,5,14,1,6,0,2106,0.460304344832335,1944,5076,0.527232665427253,0.109038567095486
"700","Russell Westbrook",17,36,1,5,48,1,8,1,2855,0.460304344832335,1944,5076,0.527232665427253,0.109038567095486
"701","Kevin Durant",15,30,3,9,43,1,2,2,3212,0.460304344832335,1944,5076,0.527232665427253,0.109038567095486
"702","Isaiah Thomas",8,17,3,8,23,2,4,0,2134,0.460304344832335,1944,5076,0.527232665427253,0.109038567095486
"703","DeMar DeRozan",6,16,1,3,21,1,2,0,2176,0.460304344832335,1944,5076,0.527232665427253,0.109038567095486
"704","Isaiah Thomas",11,21,4,7,30,1,6,0,2310,0.460304344832335,1944,5076,0.527232665427253,0.109038567095486
"705","Damian Lillard",7,16,2,6,16,0,6,0,2045,0.460304344832335,1944,5076,0.527232665427253,0.109038567095486
"706","Paul George",7,17,1,5,23,1,3,0,2221,0.460304344832335,1944,5076,0.527232665427253,0.109038567095486
"707","Damian Lillard",2,13,2,7,11,0,9,1,2208,0.460304344832335,1944,5076,0.527232665427253,0.109038567095486
"708","Damian Lillard",8,14,4,7,21,2,10,1,1736,0.460304344832335,1944,5076,0.527232665427253,0.109038567095486
"709","Russell Westbrook",12,23,3,6,33,2,10,0,2219,0.460304344832335,1944,5076,0.527232665427253,0.109038567095486
"710","Kevin Durant",6,19,2,6,22,0,0,0,2070,0.460304344832335,1944,5076,0.527232665427253,0.109038567095486
"711","Paul George",10,22,2,5,26,1,3,0,2216,0.460304344832335,1944,5076,0.527232665427253,0.109038567095486
"712","Isaiah Thomas",4,13,1,4,14,0,4,0,1792,0.460304344832335,1944,5076,0.527232665427253,0.109038567095486
"713","Paul George",7,13,2,2,30,1,3,0,1799,0.460304344832335,1944,5076,0.527232665427253,0.109038567095486
"714","Paul George",5,15,2,5,20,1,7,0,2021,0.460304344832335,1944,5076,0.527232665427253,0.109038567095486
"715","James Harden",8,16,3,8,27,1,8,0,2660,0.460304344832335,1944,5076,0.527232665427253,0.109038567095486
"716","Damian Lillard",9,19,2,5,22,3,6,0,2197,0.460304344832335,1944,5076,0.527232665427253,0.109038567095486
"717","DeMar DeRozan",9,22,0,3,24,5,5,0,2192,0.460304344832335,1944,5076,0.527232665427253,0.109038567095486
"718","Russell Westbrook",13,24,0,2,30,3,10,0,2656,0.460304344832335,1944,5076,0.527232665427253,0.109038567095486
"719","Kevin Durant",12,26,4,7,44,1,5,0,2592,0.460304344832335,1944,5076,0.527232665427253,0.109038567095486
"720","Paul George",7,20,3,9,19,4,4,0,2521,0.460304344832335,1944,5076,0.527232665427253,0.109038567095486
"721","Russell Westbrook",5,10,0,2,20,1,9,0,1638,0.460304344832335,1944,5076,0.527232665427253,0.109038567095486
"722","Kevin Durant",10,13,3,6,27,4,1,1,1810,0.460304344832335,1944,5076,0.527232665427253,0.109038567095486
"723","James Harden",8,21,5,11,25,1,5,0,2034,0.460304344832335,1944,5076,0.527232665427253,0.109038567095486
"724","Russell Westbrook",10,22,1,6,27,3,12,0,2325,0.460304344832335,1944,5076,0.527232665427253,0.109038567095486
"725","Kevin Durant",10,23,3,9,30,2,4,2,2167,0.460304344832335,1944,5076,0.527232665427253,0.109038567095486
"726","Stephen Curry",9,21,3,10,28,5,5,1,2070,0.460304344832335,1944,5076,0.527232665427253,0.109038567095486
"727","Klay Thompson",3,9,2,5,8,1,2,2,2077,0.460304344832335,1944,5076,0.527232665427253,0.109038567095486
"728","DeMar DeRozan",10,17,2,3,28,0,4,0,2395,0.460304344832335,1944,5076,0.527232665427253,0.109038567095486
"729","James Harden",2,9,1,5,10,3,9,0,2121,0.460304344832335,1944,5076,0.527232665427253,0.109038567095486
"730","Isaiah Thomas",7,16,2,5,20,1,3,0,1986,0.460304344832335,1944,5076,0.527232665427253,0.109038567095486
"731","DeMar DeRozan",6,14,1,2,15,1,6,0,1913,0.460304344832335,1944,5076,0.527232665427253,0.109038567095486
"732","LeBron James",11,15,1,1,25,1,9,1,2281,0.460304344832335,1944,5076,0.527232665427253,0.109038567095486
"733","Stephen Curry",11,27,4,11,31,1,6,0,2254,0.460304344832335,1944,5076,0.527232665427253,0.109038567095486
"734","Klay Thompson",6,15,2,4,17,2,2,0,2073,0.460304344832335,1944,5076,0.527232665427253,0.109038567095486
"735","Stephen Curry",14,24,12,16,46,2,6,0,2261,0.460304344832335,1944,5076,0.527232665427253,0.109038567095486
"736","Russell Westbrook",10,29,0,6,26,2,13,0,2531,0.460304344832335,1944,5076,0.527232665427253,0.109038567095486
"737","Klay Thompson",12,23,2,9,32,2,1,1,2366,0.460304344832335,1944,5076,0.527232665427253,0.109038567095486
"738","Kevin Durant",13,26,7,11,37,1,5,2,2356,0.460304344832335,1944,5076,0.527232665427253,0.109038567095486
"739","Stephen Curry",12,24,7,16,35,0,6,0,2099,0.460304344832335,1944,5076,0.527232665427253,0.109038567095486
"740","Klay Thompson",6,17,3,8,20,1,3,0,2237,0.460304344832335,1944,5076,0.527232665427253,0.109038567095486
"741","DeMar DeRozan",4,9,1,1,14,0,2,0,1644,0.460304344832335,1944,5076,0.527232665427253,0.109038567095486
"742","Stephen Curry",2,6,1,5,5,2,4,0,863,0.460304344832335,1944,5076,0.527232665427253,0.109038567095486
"743","Klay Thompson",11,27,2,9,26,2,3,0,2758,0.460304344832335,1944,5076,0.527232665427253,0.109038567095486
"744","DeMar DeRozan",6,17,2,2,18,0,2,0,1986,0.460304344832335,1944,5076,0.527232665427253,0.109038567095486
"745","LeBron James",10,17,0,2,29,2,7,2,2049,0.460304344832335,1944,5076,0.527232665427253,0.109038567095486
"746","Paul George",7,20,3,8,23,1,4,0,2223,0.460304344832335,1944,5076,0.527232665427253,0.109038567095486
"747","Isaiah Thomas",9,18,4,6,28,0,3,1,2080,0.460304344832335,1944,5076,0.527232665427253,0.109038567095486
"748","Stephen Curry",14,24,9,15,44,0,7,0,2271,0.460304344832335,1944,5076,0.527232665427253,0.109038567095486
"749","DeMar DeRozan",5,19,0,1,16,0,5,0,2207,0.460304344832335,1944,5076,0.527232665427253,0.109038567095486
"750","Klay Thompson",7,15,6,9,26,0,1,0,2126,0.460304344832335,1944,5076,0.527232665427253,0.109038567095486
"751","Russell Westbrook",6,23,2,9,17,1,15,0,2469,0.460304344832335,1944,5076,0.527232665427253,0.109038567095486
"752","Stephen Curry",6,13,4,8,17,3,6,0,1568,0.460304344832335,1944,5076,0.527232665427253,0.109038567095486
"753","Klay Thompson",12,22,6,13,36,0,1,1,2065,0.460304344832335,1944,5076,0.527232665427253,0.109038567095486
"754","Paul George",7,17,3,6,27,1,7,0,2180,0.460304344832335,1944,5076,0.527232665427253,0.109038567095486
"755","Damian Lillard",5,14,0,2,18,0,4,0,1750,0.460304344832335,1944,5076,0.527232665427253,0.109038567095486
"756","DeMar DeRozan",8,20,1,2,20,0,2,0,2302,0.460304344832335,1944,5076,0.527232665427253,0.109038567095486
"757","Damian Lillard",7,25,4,9,20,2,9,1,2607,0.460304344832335,1944,5076,0.527232665427253,0.109038567095486
"758","James Harden",6,16,1,9,27,3,7,1,2004,0.460304344832335,1944,5076,0.527232665427253,0.109038567095486
"759","Damian Lillard",11,28,2,6,29,0,4,0,2306,0.460304344832335,1944,5076,0.527232665427253,0.109038567095486
"760","Russell Westbrook",7,13,1,4,15,3,8,0,1526,0.460304344832335,1944,5076,0.527232665427253,0.109038567095486
"761","Kevin Durant",8,11,3,5,25,0,5,1,1664,0.460304344832335,1944,5076,0.527232665427253,0.109038567095486
"762","Russell Westbrook",11,29,2,10,34,4,7,1,2257,0.460304344832335,1944,5076,0.527232665427253,0.109038567095486
"763","James Harden",9,16,2,7,36,0,7,1,2098,0.460304344832335,1944,5076,0.527232665427253,0.109038567095486
"764","Damian Lillard",6,19,3,9,22,1,8,1,2121,0.460304344832335,1944,5076,0.527232665427253,0.109038567095486
"765","Damian Lillard",8,15,4,9,26,1,11,0,2122,0.460304344832335,1944,5076,0.527232665427253,0.109038567095486
"766","Paul George",4,17,0,4,17,3,8,0,2195,0.460304344832335,1944,5076,0.527232665427253,0.109038567095486
"767","DeMar DeRozan",7,17,1,2,25,2,6,0,2152,0.460304344832335,1944,5076,0.527232665427253,0.109038567095486
"768","Russell Westbrook",9,20,0,3,21,4,13,0,2038,0.460304344832335,1944,5076,0.527232665427253,0.109038567095486
"769","Kevin Durant",12,19,2,5,32,3,4,0,1891,0.460304344832335,1944,5076,0.527232665427253,0.109038567095486
"770","James Harden",7,24,2,9,25,1,6,1,2168,0.460304344832335,1944,5076,0.527232665427253,0.109038567095486
"771","LeBron James",9,19,0,3,22,4,11,2,2000,0.460304344832335,1944,5076,0.527232665427253,0.109038567095486
"772","Stephen Curry",19,28,11,15,51,3,2,0,2141,0.460304344832335,1944,5076,0.527232665427253,0.109038567095486
"773","Klay Thompson",8,19,6,13,24,1,0,0,1989,0.460304344832335,1944,5076,0.527232665427253,0.109038567095486
"774","James Harden",10,18,4,8,33,1,6,0,2187,0.460304344832335,1944,5076,0.527232665427253,0.109038567095486
"775","DeMar DeRozan",7,15,0,1,23,0,2,2,2483,0.460304344832335,1944,5076,0.527232665427253,0.109038567095486
"776","Damian Lillard",10,18,3,9,32,1,9,0,2244,0.460304344832335,1944,5076,0.527232665427253,0.109038567095486
"777","Stephen Curry",12,21,8,14,38,1,11,1,2274,0.460304344832335,1944,5076,0.527232665427253,0.109038567095486
"778","Klay Thompson",7,17,1,7,15,0,6,1,2077,0.460304344832335,1944,5076,0.527232665427253,0.109038567095486
"779","James Harden",7,18,3,10,23,0,10,2,2140,0.460304344832335,1944,5076,0.527232665427253,0.109038567095486
"780","Russell Westbrook",4,15,1,3,16,1,7,0,1847,0.460304344832335,1944,5076,0.527232665427253,0.109038567095486
"781","Kevin Durant",8,13,3,3,29,0,2,4,2120,0.460304344832335,1944,5076,0.527232665427253,0.109038567095486
"782","James Harden",9,20,5,8,24,3,6,0,2063,0.460304344832335,1944,5076,0.527232665427253,0.109038567095486
"783","LeBron James",8,15,1,2,19,0,8,2,2000,0.460304344832335,1944,5076,0.527232665427253,0.109038567095486
"784","Russell Westbrook",7,13,1,3,19,3,10,0,2272,0.460304344832335,1944,5076,0.527232665427253,0.109038567095486
"785","Kevin Durant",7,13,1,6,20,1,4,0,2321,0.460304344832335,1944,5076,0.527232665427253,0.109038567095486
